id,type,sim_state,tick_count,sim_time,delta_time,x,x_vel,x_acc,y,y_vel,y_acc,s,s_vel,s_acc,d,d_vel,d_acc,angle
-65,1,1,1,53.053,0.0,-46.369535897974856,10.290812343431066,0.0,-22.757716632448137,5.007887839134847,0.0,12.976062780148345,11.44458501419987,-5.469620935202521e-05,1.2571494175233424,-0.03511623299357591,-0.017825813435006964,0.0
-65,1,1,2,53.086422999999996,0.033423,-46.369535897974856,10.290812343431066,0.0,-22.757716632448137,5.007887839134847,0.0,12.976062780148345,11.44458501419987,-5.469620935202521e-05,1.2571494175233424,-0.03511623299357591,-0.017825813435006964,0.0
-65,1,1,3,53.119825999999996,0.033403,-46.369535897974856,10.290812343431066,0.0,-22.757716632448137,5.007887839134847,0.0,12.976062780148345,11.44458501419987,-5.469620935202521e-05,1.2571494175233424,-0.03511623299357591,-0.017825813435006964,0.0
-65,1,1,4,53.153237999999995,0.033412,-46.369535897974856,10.290812343431066,0.0,-22.757716632448137,5.007887839134847,0.0,12.976062780148345,11.44458501419987,-5.469620935202521e-05,1.2571494175233424,-0.03511623299357591,-0.017825813435006964,0.0
-65,1,1,5,53.186654,0.033416,-46.369535897974856,10.290812343431066,0.0,-22.757716632448137,5.007887839134847,0.0,12.976062780148345,11.44458501419987,-5.469620935202521e-05,1.2571494175233424,-0.03511623299357591,-0.017825813435006964,0.0
-65,1,1,6,53.220062999999996,0.033409,-46.1938201007555,10.291490956476686,0.0792811884751113,-22.672592943167462,5.0082364822548735,0.04074239584528284,13.171310628124635,11.445346878684022,0.08906650116728113,1.2565479777395494,-0.03540615805181703,-0.01616064431676514,64.0506586116493
-65,1,1,7,53.253481,0.033418,-45.849522632863604,10.296670196846534,0.22959011909240856,-22.505816273795254,5.010898706296135,0.11803357605858732,13.553872758842946,11.451167394159404,0.25805245517605924,1.2553563469573201,-0.03589287294774358,-0.012987804752747028,64.05002062399222
-65,1,1,8,53.286910999999996,0.03343,-45.50483664779695,10.30676762345074,0.3734232466738397,-22.338866548736682,5.016091002041689,0.19205806602510614,13.93685994291084,11.462517693047872,0.41978623413878347,1.2541497657344252,-0.03627562736247709,-0.009930342555163734,64.04876952625757
-65,1,1,9,53.320319,0.033408,-45.159952108230435,10.321554345607755,0.5107344494532025,-22.17183134656301,5.023697740052009,0.2627895312417655,14.320063053006518,11.479141370745875,0.5742148134669098,1.2529328802820523,-0.036557942618790425,-0.006989710920120671,64.04692790155333
-65,1,1,10,53.353730999999996,0.033412,-44.814447430054564,10.340824954176377,0.6417329695097157,-22.004502219237484,5.033615282356664,0.3303331629626211,14.703952385040882,11.500808381473977,0.7215723592338256,1.2517080361499602,-0.036743928877451704,-0.004161924703729406,64.04451719631571
-65,1,1,11,53.387138,0.033407,-44.46826930247641,10.364364264654705,0.7664809242137797,-21.836849258220973,5.045734880398288,0.39471846714562697,15.088588966936008,11.527277653784207,0.8619276176647377,1.250478719608611,-0.036837294779530474,-0.0014461373718136466,64.04156161069226
-65,1,1,12,53.420538,0.0334,-44.121299449088454,10.391962114854719,0.8850712518492688,-21.66881125861908,5.05995028646254,0.45599086743571077,15.474105936588575,11.558313725670317,0.995384016797287,1.249248036803491,-0.03684178374203128,0.0011591510054380957,64.03808603161697
-65,1,1,13,53.453937999999994,0.0334,-43.773332895916816,10.423419846936925,0.9976277399371583,-21.50028519396785,5.076161098499491,0.5142117948479966,15.860732688339118,11.593694037157167,1.1220797318794788,1.2480186370314197,-0.036761069414206766,0.0036561230497988663,64.03411498771439
-65,1,1,14,53.487337999999994,0.0334,-43.42424384940989,10.458537550263042,1.1042473674001316,-21.331206545770964,5.094266192987461,0.5694289009166749,16.248610568903317,11.633194585637334,1.2421228012256742,1.246793305963451,-0.03659874280928186,0.006046380695016353,64.02967404618543
-65,1,1,15,53.520740999999994,0.033403,-43.073881606740414,10.497122168076782,1.2050358876654417,-21.16149888747345,5.114167903653334,0.6216944359285981,16.637908533362147,11.676599043861723,1.3556311669120005,1.2455746011493387,-0.036358316441015934,0.00833172645432252,64.02478859857519
-65,1,1,16,53.554142999999996,0.033402,-42.72217302844038,10.539388922182173,1.3483924838960542,-20.991123414999187,5.135968490742455,0.6947326149191076,17.028709330787155,11.724145685115138,1.5165058099405755,1.2443653027438684,-0.036043655637564266,0.010471213774909342,64.0194799713656
-65,1,1,17,53.587543999999994,0.033401,-42.36895850203549,10.587476828090795,1.5293739525082963,-20.819999732523037,5.160713611691824,0.7861405944340727,17.42119166406878,11.778215438491701,1.7192504763618468,1.2431676260585847,-0.03566022625487648,0.01247196945686887,64.01374566166095
-65,1,1,18,53.620943999999994,0.0334,-42.01403807930816,10.641442311971494,1.7004572006599397,-20.64802763528077,5.1884286406843225,0.8726292299379486,17.815579173337703,11.838870148092358,1.9109423169947204,1.2419838898079807,-0.035211576195508305,0.014377580963460066,64.0076102781121
-65,1,1,19,53.654343,0.033399,-41.65722067781692,10.700957214245499,1.8618088780063626,-20.475111463204453,5.218950448580744,0.9542793657274161,18.212085537872326,11.905743359237649,2.091766545643277,1.2408162186121694,-0.034700861985977126,0.016189551291161997,64.00110346398772
-65,1,1,20,53.687746,0.033403,-41.298272196206305,10.765709037585358,2.0136175920125585,-20.301134858803625,5.252123777558943,1.031183049469469,18.61097217513706,11.978486144949663,2.261933024703097,1.2396664616658821,-0.034131100129490985,0.01790963382372665,63.994253626221905
-65,1,1,21,53.721151,0.033405,-40.937043764238325,10.835378632333098,2.156037447779818,-20.12602291833499,5.287789806894104,1.1034149369672086,19.01240572530047,12.056742036665957,2.4216129803281943,1.238536612143766,-0.03350536085310982,0.01953919578442989,63.98709009601994
-65,1,1,22,53.754554999999996,0.033404,-40.57340839593069,10.909648806505244,2.2892209889361883,-19.949711503568206,5.325790583079918,1.1710489187390403,19.416528439769806,12.140156705078821,2.5709758996416174,1.2374285908317628,-0.03282670001364559,0.02107958184064657,63.97964188366868
-65,1,1,23,53.787971,0.033416,-40.20707425363378,10.988244919439325,2.413381333033262,-19.772056678911863,5.365989780012691,1.2341897220265694,19.823665718267197,12.228423547669902,2.7102592359066717,1.2363436973674846,-0.03209778149719802,0.022532843502409555,63.971933537898806
-65,1,1,24,53.82143,0.033459,-39.83755577595232,11.070949432213071,2.5287775287602012,-19.592820615043976,5.408280118349448,1.2929656841220631,20.234358238326013,12.321300019957883,2.8397520804086294,1.2352826098971894,-0.03132071740379718,0.023901612414024605,63.9639839718533
-65,1,1,25,53.854861,0.033431,-39.465505899341835,11.15729412778603,2.6353249069717912,-19.412317880694822,5.4524260166547,1.347330010014353,20.647881248212254,12.418262014947864,2.959357790113172,1.2342491264615625,-0.030499985650274494,0.02518442548602002,63.95583551109479
-65,1,1,26,53.888273999999996,0.033413,-39.09070041094086,11.246701988999854,2.697763663084992,-19.230437899593344,5.498139412734659,1.3796275146463537,21.0644847429931,12.518664627773685,3.0296443904793806,1.2332442397203691,-0.02964065733768826,0.026102565087596907,63.94752533152588
-65,1,1,27,53.921727999999995,0.033454,-38.71240577992716,11.337360551321469,2.7214888555964984,-19.046823181162505,5.544514911195427,1.3925440544688221,21.484984729184177,12.62048188019346,3.05663839461072,1.2322673612582955,-0.02875730928358402,0.026699531620701662,63.93914161598714
-65,1,1,28,53.955180999999996,0.033453,-38.33106200225345,11.42874612872646,2.7414027172061575,-18.861686442135813,5.591289004932749,1.4035464898683105,21.908892492912393,12.7231275605854,3.0793677605664183,1.2313203877432002,-0.02785477758053845,0.02725117354988286,63.930718470324976
-65,1,1,29,53.988628,0.033447,-37.946704448953604,11.52071861679926,2.75757626774413,-18.67504411843592,5.638391171651805,1.4126692037437532,22.336169038177733,12.826444829868766,3.0979113852359093,1.2304040685579483,-0.02693470547149114,0.02775818932676683,63.92226631038062
-65,1,1,30,54.022079,0.033451,-37.55920007648838,11.613181670683627,2.770087483036759,-18.486830928206565,5.68577323939791,1.4199505204384548,22.76696256153741,12.930325979446502,3.112356148599046,1.229518694436679,-0.025998296220799258,0.028221501261149678,63.913791135608875
-65,1,1,31,54.055499999999995,0.033421,-37.16893208272857,11.7059195915618,2.779000606102376,-18.29723243005992,5.733325787098786,1.4254205581591481,23.200847304023686,13.034529169262528,3.1227729797683192,1.2286656467282906,-0.025047969311211997,0.028641454945853215,63.90530950243948
-65,1,1,32,54.088953999999994,0.033454,-36.77515409897479,11.798988383323469,2.7844047243724077,-18.105885472097537,5.781078657388086,1.4291247959391697,23.638653292293714,13.139117828251209,3.129261894197071,1.2278437917815663,-0.02408335610813751,0.029019602570530656,63.89681277914578
-65,1,1,33,54.122405,0.033451,-36.3782793249187,11.89217174887153,2.7863620847282475,-17.912990295537778,5.828922008159116,1.4310922892200904,24.07992136547514,13.243849393364718,3.1318915600492865,1.2270544801591998,-0.023106876310686673,0.029356247026093456,63.888316921943776
-65,1,1,34,54.155862,0.033457,-35.98665860826087,11.985367353320989,2.784492705754351,-17.719733009243004,5.8768383863508085,1.4322820930456792,24.524773668924368,13.348624301209782,3.130743161953279,1.2262978807653817,-0.022119640381415305,0.029652240372247927,63.87969606455014
-65,1,1,35,54.189293,0.033431,-35.58506662587345,12.078385846213282,2.7797685879157963,-17.521152173064806,5.924702586437383,1.4309057409581496,24.972780305354608,13.453217428054295,3.1259020761809535,1.225575018711236,-0.02112394942472678,0.02990810206576805,63.87107680865913
-65,1,1,36,54.222753,0.03346,-35.18000834271772,12.171261462981917,2.770479139055276,-17.320813708936612,5.972529230814507,1.4272291535266306,25.424673253729043,13.557665957515868,3.1159492962863133,1.224884966707417,-0.02011958294208755,0.03011403968814619,63.86246703057231
-65,1,1,37,54.256170999999995,0.033418,-34.772355019740864,12.263627258417115,2.7569394839406627,-17.11914825873224,6.020131212617869,1.421406498074127,25.87948063696603,13.661558042176221,3.1012356141422,1.224229456729785,-0.019110488674539225,0.030272126605170924,63.853892501706795
-65,1,1,38,54.289632,0.033461,-34.36108445844494,12.355609865306985,2.7404819931090447,-16.915650000732917,6.0675748303718775,1.414107469483193,26.33834295630619,13.765036579025983,3.0832521940719344,1.2236069720357192,-0.018095411304488558,0.030394154721465606,63.84533602103862
-65,1,1,39,54.32309,0.033458,-33.946774579204174,12.446986029273326,2.7211930400278734,-16.71060469301357,6.114745875931278,1.4053729967216548,26.800615503654857,13.867850832710133,3.06209458957536,1.2230185657220993,-0.01707693897644196,0.03048062939670795,63.83681322263746
-65,1,1,40,54.356525999999995,0.033436,-33.529685330684025,12.537611013570936,2.699155641692401,-16.5041409599185,6.161570432625648,1.3952431563647683,27.266008249054384,13.969838306224336,3.0378549701529756,1.2224646305723517,-0.016056829358789014,0.030532278873244192,63.82833240279562
-65,1,1,41,54.389983,0.033457,-33.109304781465504,12.627510131958518,2.674410505803008,-16.296005363149845,6.208062397291835,1.383738518107127,27.735092423034583,14.071027852026418,3.0105789414942805,1.2219445105657027,-0.015034922037639726,0.03054990907926013,63.819885848527285
-65,1,1,42,54.423418,0.033435,-32.68620066439593,12.716478999236333,2.647058414926096,-16.086479011789454,6.254116860190897,1.3709074421772527,28.207234509668087,14.17118976855452,2.9803782658423565,1.2214588924212484,-0.01401365613854873,0.03053423616207271,63.8114873284018
-65,1,1,43,54.456872999999995,0.033455,-32.25987202345844,12.804542811742902,2.6171341517434996,-15.875313888329131,6.299747624637485,1.3567674783239232,28.682993498415975,14.27035276150224,2.9472918989147883,1.2210071455809248,-0.012992850643350458,0.03048598125964942,63.80312894812734
-65,1,1,44,54.490328,0.033455,-31.83060419253056,12.891563703540543,2.584722233602006,-15.662651383736668,6.344884032069828,1.3413594811348521,29.16205094498713,14.368361935917774,2.911413698796269,1.2205895168094592,-0.011974194249539442,0.030405882052292152,63.794818167571776
-65,1,1,45,54.523784,0.033456,-31.398420131483995,12.97746215303824,2.5498905120799926,-15.448503009693555,6.38948554694075,1.3247165222945763,29.644381165448618,14.465128046263093,2.872819137550942,1.2202059055669805,-0.01095870966556599,0.03029467294982468,63.786556944676285
-65,1,1,46,54.557235,0.033451,-30.963437933296703,13.061946775024412,2.4901191139834804,-15.232927473380657,6.433404691340757,1.295504121835848,30.129852279248247,14.560324532333254,2.806297590155288,1.219856244891565,-0.00994933516693986,0.02995391828142863,63.778356161061865
-65,1,1,47,54.590685,0.03345,-30.525671777223263,13.143883913606428,2.4090746284893867,-15.015932303214601,6.476070309861047,1.2555551040148267,30.618448238430652,14.652682033545029,2.715948094444958,1.2195400972381976,-0.008956363789091775,0.029415947894721597,63.77025618296055
-65,1,1,48,54.6241,0.033415,-30.08566059870781,13.223039903823597,2.3287903901019043,-14.797785434981753,6.517362181505177,1.215953219910771,31.109567178479594,14.741937809642588,2.62643397216559,1.219257142193244,-0.007982459237401292,0.028874925195686622,63.76226804920293
-65,1,1,49,54.657546999999994,0.033447,-29.642611941138203,13.299596541293582,2.249112035383864,-14.578094733179036,6.55737355463916,1.1766224165315293,31.60409326925959,14.82829615075946,2.53758314659753,1.2190062026413868,-0.007025784041798534,0.028329961548872132,63.754372202610256
-65,1,1,50,54.690996,0.033449,-29.19700794137375,13.37350403412509,2.170118771528524,-14.357099949950051,6.5960769233584315,1.1376018561567192,32.10148805285295,14.911700234177575,2.449483964944318,1.21878694339304,-0.006087335222936027,0.027781736319418333,63.74657259436698
-65,1,1,51,54.724425,0.033429,-28.749231636298305,13.444739075442309,2.0918686823229122,-14.134991812276121,6.63345839122851,1.098920380164148,32.60132363465616,14.992123009384725,2.36220126614201,1.218598870408489,-0.0051678198779288274,0.027230808333054805,63.738871223045464
-65,1,1,52,54.757863,0.033438,-28.29898292816108,13.513388145104328,2.0143002180325436,-13.911622210608261,6.6695616451306945,1.0605477230731357,33.103934670413544,15.069661359671363,2.2756664601115966,1.2184411891351352,-0.004266529327032322,0.026676896795190006,63.73125851999052
-65,1,1,53,54.791295,0.033432,-27.846549827061576,13.57944369853587,1.9374549355552886,-13.687134747752292,6.704381045404534,1.0225046048469995,33.60899933519277,15.14430602280894,2.1899259727081604,1.2183133553532501,-0.0033839618751987555,0.026120445390021806,63.723735269130515
-65,1,1,54,54.824743,0.033448,-27.39171922973169,13.642971889094357,1.8612892476076093,-13.461424393271296,6.7379497861149,0.9847696192922594,34.116755208275244,15.216131010815092,2.10493124109401,1.2182146758122951,-0.002519630113598533,0.025561282504907905,63.71629409793527
-65,1,1,55,54.858166,0.033423,-26.935134301186306,13.70391991906714,1.7859028750727326,-13.234811050005977,6.770238190395655,0.9473923863012353,34.626483959097655,15.285075842088453,2.0207936345529345,1.2181446350832745,-0.0016746644081280055,0.02500029008296467,63.70894180578245
-65,1,1,56,54.891607,0.033441,-26.476291165715757,13.762483362033311,1.721850730591823,-13.007045351919187,6.801346126693718,0.9157444473752483,35.13874779192119,15.351360093105116,1.949355471550984,1.2181025120726645,-0.0008468500526213823,0.024575037850027997,63.70166229252239
-65,1,1,57,54.925053999999996,0.033447,-26.015425065403303,13.819167228121879,1.6675071177273184,-12.778244575549667,6.831528910208358,0.8890039176749933,35.65328385233902,15.415549621369605,1.8887952179860903,1.2180878765622754,-3.0028852883166846e-05,0.024264252342344545,63.6944319823887
-65,1,1,58,54.95851,0.033456,-25.55255376500361,13.874036552816115,1.6124722046733586,-12.548417918286697,6.860818733915884,0.8618810645520518,36.17007213874437,15.477716994632317,1.8274458367029829,1.2181003906116705,0.0007762723697741725,0.023933115667719655,63.68724721994114
-65,1,1,59,54.99198,0.03347,-25.08766752639894,13.92707565888183,1.556776938533375,-12.317560925891872,6.889206818104531,0.8343913413816471,36.68912335417047,15.537844268792272,1.7653419091601237,1.218139713257278,0.001571494784160076,0.02358217698743623,63.680108040338496
-65,1,1,60,55.025416,0.033436,-24.62149669501442,13.978189515245116,1.500541567320451,-12.086036738024811,6.916641724453221,0.8065943758923192,37.20962185492738,15.595823457832914,1.702617636774262,1.2182053717991776,0.002353861567149187,0.023212575881185714,63.67302565320143
-65,1,1,61,55.058879,0.033463,-24.153254084277904,14.027452650138073,1.4437035074049347,-11.853454859121886,6.943162906801318,0.7784594826366924,37.73244636133076,15.651738856809574,1.6392033193833502,1.2182970638450064,0.0031241774438378073,0.022824263178293846,63.665988097291866
-65,1,1,62,55.092285999999994,0.033407,-23.68416649665375,14.074727402297473,1.3864441657074278,-11.620425164267022,6.968695605724698,0.7500767440316346,38.25622684001522,15.705433927156008,1.5753014741150688,1.218414094896948,0.0038799442081456663,0.022418843414097115,63.65901369834093
-65,1,1,63,55.125737,0.033451,-23.21289451127994,14.120139686659291,1.3286321661341935,-11.38628277024932,6.993307218671878,0.7213812936075965,38.782458656459866,15.757051413725316,1.5107655917379696,1.2185563477892927,0.004622847171092885,0.02199573083262285,63.65208245476316
-65,1,1,64,55.159186999999996,0.03345,-22.740133520590867,14.16360939817306,1.2703841131165416,-11.151373622985853,7.01695391782279,0.6924311694360258,39.3103651197122,15.806500081690785,1.4457259038968746,1.2187232063366942,0.0053512964809299115,0.02155608008528783,63.64520466428347
-65,1,1,65,55.192637,0.03345,-22.26593441819371,14.20512394470867,1.2117380434584242,-10.915723535656946,7.039628240226135,0.6632455144079165,39.839889166286554,15.85376533394115,1.3802249824359796,1.2189141825504863,0.006064771289673393,0.02110049757784722,63.63838096324584
-65,1,1,66,55.226074,0.033437,-21.790549990719104,14.244504119276359,1.1352184908902043,-10.679458687271389,7.061237716123643,0.6249827046715852,40.370748268554955,15.898645539045388,1.2946786896546492,1.219128674499214,0.006761026575742318,0.020461706458716075,63.63161979097398
-65,1,1,67,55.259504,0.03343,-21.313978276140745,14.280920239617513,1.0438143844092336,-10.442578886506663,7.081361602579614,0.5791453473557155,40.90294426894589,15.940210469298643,1.1924322742430937,1.2193659810346482,0.0074317742190658604,0.019668516219601383,63.624947644752716
-65,1,1,68,55.292952,0.033448,-20.83596498004588,14.314336259487579,0.9546537177460803,-10.204958645247835,7.099981397016597,0.5343971274713742,41.436760738337306,15.97841960762992,1.0926794947073704,1.21962541475871,0.008076519689512283,0.018885333245781986,63.618361679450196
-65,1,1,69,55.326409999999996,0.033458,-20.356722550868458,14.344816744532892,0.8677377851064453,-9.966704459843426,7.117127847060783,0.49073968149519825,41.971960032079544,16.013344454398705,0.9954222313224865,1.2199060647300632,0.008695425093491128,0.018112369575760057,63.61186126066462
-65,1,1,70,55.359868,0.033458,-19.876490861837308,14.372426880560843,0.7830706573188256,-9.727936474876909,7.132831934429749,0.44817609256383345,42.50827387232409,16.0450571692028,0.9006654947211875,1.2202069913483107,0.009288643742933754,0.017349872540617223,63.60544621717618
-65,1,1,71,55.393319999999996,0.033452,-19.39545089877271,14.397237320656819,0.7006439885731782,-9.488745567677173,7.147127642285428,0.4067032494066668,43.04549974061989,16.07363614286736,0.8084004206940295,1.2205272819077024,0.009856426437383273,0.016597987679718918,63.59911568003499
-65,1,1,72,55.426767,0.033447,-18.913680808324134,14.419324218881856,0.6204312991025643,-9.249171476747833,7.160052137867183,0.36630893928140656,43.58354997089677,16.099166108958034,0.718597856968839,1.2208660951997792,0.010399153154573832,0.0158566989616747,63.59286756719921
-65,1,1,73,55.460179,0.033412,-18.431703596981993,14.438745755378312,0.5424777137863365,-9.009475172129068,7.171631906349146,0.32701705929628005,44.12184006354495,16.12171095180601,0.6313088393890982,1.221222266293142,0.010916732041911325,0.015126664066711558,63.58670562097041
-65,1,1,74,55.493627,0.033448,-17.94858216082728,14.455615506765476,0.4665947803226722,-8.769191453748535,7.181926806490618,0.28873374454212003,44.661416237881234,16.14139901406143,0.5463228415815607,1.2215957359636544,0.011410612762498516,0.014406343751563794,63.58061515482359
-65,1,1,75,55.527077999999996,0.033451,-17.464876844710588,14.469984038759085,0.39283821641531513,-8.528599807194508,7.190959400086875,0.2514881819857571,45.20165231722482,16.158285615329863,0.4637027394711499,1.2219853596231252,0.011880617176431156,0.01369647866657334,63.574600828916516
-65,1,1,76,55.560508,0.03343,-16.98101770844202,14.481928893853173,0.32301310381881504,-8.287914944039468,7.198767207011636,0.21628779038931453,45.74206762355005,16.172456888697944,0.3855132741470887,1.222390071784149,0.012327634481324337,0.013096417983268134,63.56866253232844
-65,1,1,77,55.593954999999994,0.033447,-16.496532316113953,14.491618932617705,0.25671485400276445,-8.046902578939848,7.205440839172209,0.1829138439970511,46.283189494744676,16.18410436907918,0.3112948369165956,1.2228096251411018,0.012757184909690602,0.012588194374255665,63.562775989040766
-65,1,1,78,55.627403,0.033448,-16.011726604059547,14.499121856467196,0.19221631059946176,-7.805715440282282,7.2110128234276525,0.15040260279151815,46.824675991569265,16.19330315618651,0.2390719017473639,1.223243273660846,0.013169668288875865,0.012075206762146668,63.556941958783455
-65,1,1,79,55.660849999999996,0.033447,-15.526701673969384,14.504497229955732,0.12950657859215653,-7.564404394043021,7.215511613270711,0.11874997056752076,47.36641393920481,16.20011925043477,0.16883288190756188,1.22369041757503,0.01356490806160164,0.011557900628160808,63.55116143650831
-65,1,1,80,55.694295999999994,0.033446,-15.044508289675749,14.489353245192717,0.08626441300418977,-7.32408039299198,7.255929296959261,0.05234371277548386,47.9083247391359,16.20461887937126,0.10056169550517326,1.2241504770254334,0.013942767763963249,0.011036691139557037,63.39936239284952
-65,1,1,81,55.727743999999994,0.033448,-14.559832307412794,14.491245465383566,0.027169257509023746,-7.081358329072034,7.257173987572222,0.022226118774999793,48.45038062638597,16.20686782952254,0.034236401661365844,1.2246229107835525,0.014303156364322502,0.010511946179290795,63.398423205780446
-65,1,1,82,55.761195,0.033451,-14.075083684383284,14.491189967091433,-0.030200114282366377,-6.838586770559099,7.257425737470719,-0.007030945457696376,48.992523617363,16.206930631454686,-0.030160453884887486,1.2251071486278977,0.014645970421044712,0.009984064167482916,63.39753956205677
-65,1,1,83,55.794604,0.033409,-13.590978626955152,14.48924776424907,-0.08578391224869862,-6.596125017710595,7.256714640682648,-0.03539640509189899,49.53395243393443,16.20487531666736,-0.09256149621389345,1.2256019293080505,0.014970683334666543,0.009454174618848345,63.39671256981805
-65,1,1,84,55.828027999999996,0.033424,-13.106753266402785,14.48547487326066,-0.13969340371449376,-6.353591096586499,7.255069115448155,-0.06292646430401942,50.07552112496535,16.200764696858727,-0.1530913811056703,1.2261074913279215,0.015277788175915382,0.008921790610044373,63.395940780437485
-65,1,1,85,55.861475999999996,0.033448,-12.622337681629313,14.479923709480396,-0.1919545052012745,-6.11095056018977,7.252515357443819,-0.089633832475905,50.61730763505845,16.194657369098593,-0.21177897283549701,1.2266233938895008,0.015567267954837559,0.00838717926173411,63.39522412380673
-65,1,1,86,55.894890999999994,0.033415,-12.138615447029053,14.472609504751286,-0.24844989922595423,-5.868646563645035,7.249059424275935,-0.11859249918653608,51.15832348657246,16.186569667052495,-0.27526059945787074,1.2271481784071876,0.015837530019673175,0.007729920679854668,63.3945673715113
-65,1,1,87,55.92834,0.033449,-11.654680769397446,14.463291927498522,-0.3082266285018697,-5.626226183407921,7.244575233648156,-0.14930220252442283,51.69958139911136,16.176230247558134,-0.3424601891441178,1.2276821098178505,0.016083345964873822,0.006971411861106112,63.39398842851624
-65,1,1,88,55.961788999999996,0.033449,-11.17109207782406,14.452019285007676,-0.36535527416834707,-5.383969971782991,7.239086427927524,-0.17866456542339768,52.24045643201056,16.163692891806452,-0.40668870459910633,1.2282238429729535,0.016304128429290278,0.006233073953249651,63.393488961128284
-65,1,1,89,55.995236999999996,0.033448,-10.68792772772865,14.438879860670996,-0.419876831076358,-5.1419180251305585,7.232637919937949,-0.20670035821303198,52.780860570612504,16.149056648729744,-0.4679921019300928,1.2287725352754095,0.016500543401224678,0.005514737172208114,63.39306676030367
-65,1,1,90,56.028684,0.033447,-10.205248675371926,14.423960249397739,-0.47183411415959664,-4.900101702546402,7.225273773890395,-0.23343128457432055,53.3207252699555,16.132418677505832,-0.52641838257779,1.2293273824647957,0.01667325809181221,0.004816208788205303,63.39271969015794
-65,1,1,91,56.062135,0.033451,-9.723040964355047,14.407343000101244,-0.5212771354889624,-4.658514810125515,7.217036029829158,-0.2588827525324757,53.86006578318709,16.113871613198388,-0.5820236419039646,1.2298876866742596,0.016822953893237746,0.004137196067258601,63.39244566360097
-65,1,1,92,56.095583,0.033448,-9.241460837240208,14.38911510208159,-0.5682380227846942,-4.417236402733584,7.207968911369828,-0.2830709630641351,54.398707008504054,16.09351303902368,-0.6348438615601812,1.230452571238636,0.016950250771331856,0.0034776510205260292,63.39224277332701
-65,1,1,93,56.129028999999996,0.033446,-8.760546296401102,14.369358523506406,-0.6127613173994383,-4.176286277373065,7.198114144490951,-0.30601850204359393,54.93660610223188,16.071434930141034,-0.6849289816599593,1.2310213141699495,0.017055803395172646,0.0028373586468916382,63.39210910054472
-65,1,1,94,56.162476,0.033447,-8.280303982318355,14.348152286236317,-0.6548937035993547,-3.93566849625694,7.187511968724547,-0.3277490613611935,55.473755308425304,16.047725961674995,-0.7323313536069973,1.2315932499831748,0.01714026164912027,0.0022160697260437605,63.392042798322464
-65,1,1,95,56.195890999999996,0.033415,-7.801253812016056,14.325598489878525,-0.6946394446455287,-3.6956442747563747,7.176214178947173,-0.34826443199468493,56.00957278037937,16.022500617903408,-0.7770555921152641,1.232167116137885,0.017204203476192444,0.001614180213023721,63.39204206898352
-65,1,1,96,56.229316,0.033425,-7.322836343814202,14.301767648699498,-0.7298402733087559,-3.455934004760361,7.164256520342158,-0.3665110508445629,56.54468394249941,15.995837954517963,-0.8167001095951111,1.23274296054102,0.01724817251975832,0.0010096840496276107,63.392105870682805
-65,1,1,97,56.262761999999995,0.033446,-6.844936398704537,14.276832101999327,-0.7609377097432023,-3.2164806777586614,7.151724666368644,-0.382705721730272,57.07921730912302,15.967930431260593,-0.8517567724193918,1.2333202940983714,0.017271787575579622,0.00040610767607014903,63.39223665119226
-65,1,1,98,56.296172,0.03341,-6.368401803705083,14.250916326238135,-0.7901320374146703,-2.977709805110857,7.138681605918619,-0.39792374736458697,57.612224266613666,15.93891755302722,-0.8846744715905589,1.2338974620550793,0.017275587464259154,-0.0001750329172029163,63.39243275154928
-65,1,1,99,56.329617999999996,0.033446,-5.892238263821122,14.224026483958923,-0.8175199468619673,-2.7391238712774078,7.125131046817941,-0.4122151945346426,58.144816635054035,15.908806489884066,-0.9155620802802212,1.2344750580047257,0.017260304644950698,-0.0007352839196557369,63.39269257073271
-65,1,1,100,56.363068,0.03345,-5.416933569349218,14.196247533671412,-0.8431057382711383,-2.5009679451194184,7.111116330747604,-0.425581980703694,58.67644852367795,15.877692614160328,-0.9444243028247788,1.2350519023260236,0.017226634479111644,-0.0012743647246230224,63.3930139934797
-65,1,1,101,56.396516,0.033448,-4.942601676173634,14.167644198178696,-0.8669184745852373,-2.2632997606827425,7.096670625252263,-0.43803891289576324,59.20699218795816,15.845648648730966,-0.9712937562608259,1.2356272883597617,0.01717528675887104,-0.0017924708628442045,63.39339502723276
-65,1,1,102,56.429967,0.033451,-4.469198360037147,14.138270862138011,-0.8889954561756681,-2.026097771033271,7.08182187313759,-0.4496051015289331,59.73649681947353,15.812735733146788,-0.9962123498612051,1.2362007222790499,0.017106948686284307,-0.0022899730215819292,63.39383382840037
-65,1,1,103,56.463412999999996,0.033446,-3.9968614402337392,14.108192172797503,-0.9093653724924879,-1.7894316201276739,7.066603198445931,-0.4602951443606517,60.26480800333638,15.779026503221393,-1.019212273007225,1.236771510575269,0.017022323808563153,-0.002767048184734501,63.394328418357624
-65,1,1,104,56.496862,0.033449,-3.5255006329985874,14.077457425788653,-0.928067065161661,-1.5532566367900578,7.051039955150441,-0.47012896051768355,60.79202646945532,15.744576388953522,-1.0403371751375527,1.2373392561907044,0.016922069235959573,-0.003224106423212403,63.39487707308872
-65,1,1,105,56.530313,0.033451,-3.0551511773614477,14.046122696291429,-0.945133422341678,-1.3175910215510858,7.0351609180626635,-0.479123348467427,61.31811255968392,15.70944841399857,-1.0596239851942386,1.2379034300177532,0.016806850603860665,-0.003661423747266086,63.395477979309696
-65,1,1,106,56.563759999999995,0.033447,-2.5859178454664575,14.014382767356564,-0.9449927949146938,-1.0824877849931114,7.019064071463863,-0.47951240439147264,61.84294885605061,15.673860617554684,-1.0596719739539489,1.2384634455537555,0.016677252883444484,-0.004089985999473503,63.396130168235
-65,1,1,107,56.597176999999995,0.033417,-2.1181595943650473,13.983049326488914,-0.9304418975092712,-0.8481273227514703,7.003155238984661,-0.4726914003629269,62.36613362243395,15.638720485076593,-1.0436065849252127,1.2390183869723408,0.01653354124371565,-0.004507633716200148,63.39683632518365
-65,1,1,108,56.630621,0.033444,-1.6510649704356108,13.952163962800439,-0.9166792261491354,-0.6141036075270097,6.987455433788572,-0.46624167624423557,62.88857422585608,15.604074612349576,-1.0284122497093102,1.2395687388232541,0.016376088547695837,-0.004904830518127507,63.3975961475764
-65,1,1,109,56.664007999999995,0.033387,-1.185790404938738,13.921777353418436,-0.9037134337816874,-0.38099654392134386,6.971991427477932,-0.46016688218640184,63.40897698192692,15.569980298917455,-1.0140983410314353,1.240112682788026,0.01620599588189805,-0.005280958421200036,63.39840533908181
-65,1,1,110,56.697454,0.033446,-0.7207049193938109,13.891758480382798,-0.8914746508946513,-0.1479894858444144,6.956697525560413,-0.4544338778459966,63.929165897084,15.536290979244132,-1.0005875444464933,1.2406516873592424,0.016023348064307257,-0.005637674828073672,63.39926441381668
-65,1,1,111,56.730903,0.033449,-0.25657634411470753,13.862134100928506,-0.8799605376489836,0.08453240662454231,6.941588290385063,-0.44904116411799866,64.44828195448173,15.503037098113285,-0.9878770974060872,1.2411844347580887,0.015829082700951187,-0.005974679422582132,63.400169785005936
-65,1,1,112,56.764367,0.033464,0.2067739252281683,13.832870028745774,-0.8691425940921165,0.3166581686570624,6.926647244843483,-0.4439749858429894,64.96652472047927,15.470180709490796,-0.9759353575105015,1.2417107336382447,0.0156237757855264,-0.006292430481878996,63.40111955104936
-65,1,1,113,56.797824,0.033457,0.6695238771735866,13.803961129148524,-0.8590553004142807,0.5483012231726841,6.911876393404051,-0.4391226962688855,65.48356646201483,15.437718118946941,-0.9647427230914415,1.2422298799284934,0.01540820160969897,-0.006591065472586312,63.402098737652146
-65,1,1,114,56.831272,0.033448,1.130799587709821,13.775387869951507,-0.849569361134241,0.7791658387760655,6.897263733889961,-0.4346809091092135,65.99938958101933,15.405626487053388,-0.9542716119437654,1.2427415134691835,0.01518301155423898,-0.006870933345016413,63.40311484685094
-65,1,1,115,56.86472,0.033448,1.5911234890971069,13.747121357599264,-0.840709429372726,1.009546672047769,6.88279471872807,-0.4305315682135546,66.51414502641406,15.373873464259002,-0.944491208941498,1.2432454617337139,0.014948768033712012,-0.007132469981385479,63.404168307534455
-65,1,1,116,56.89817,0.03345,2.0505312995720946,13.719172007680779,-0.8287060963435086,1.239461189266794,6.8684754982658305,-0.4247579304924737,67.02787255692175,15.34247111681862,-0.9311728722584032,1.2437413971585922,0.014706331842845323,-0.007345165572015985,63.40525615690359
-65,1,1,117,56.931618,0.033448,2.508985136354498,13.691702281596388,-0.8139640966122753,1.468890291605714,6.854389530302442,-0.41756887470792053,67.54052974799028,15.311602077303963,-0.9147720193952983,1.2442291535288827,0.014457776192609148,-0.007514936456160886,63.40637141863429
-65,1,1,118,56.965064999999996,0.033447,2.966513340119599,13.664712812432521,-0.8000344849686862,1.6978478583258922,6.840537852059972,-0.4107719264011813,68.05214815543481,15.281267375611133,-0.8992731477741558,1.2447084893898308,0.014203760260492915,-0.007672151880621805,63.407511727085215
-65,1,1,119,56.998512999999996,0.033448,3.4231588634110994,13.63817515120494,-0.7868970885484511,1.9263551689867042,6.8269066846820925,-0.40435724942519347,68.56277571378335,15.251435403989571,-0.884653815525808,1.2451792574938534,0.01394468480807239,-0.007817051030611546,63.4086755600144
-65,1,1,120,57.031977,0.033464,3.8791405289483167,13.61205153050238,-0.774527262628791,2.154521518526943,6.813477437203398,-0.3983128213209664,69.07265702222713,15.222064068022837,-0.8708866032160403,1.2456415001475452,0.013680838427251967,-0.007949919481787212,63.40986188550493
-65,1,1,121,57.065428999999995,0.033452,4.334090500030802,13.586338327403594,-0.7629161429525368,2.3821626635491437,6.800249055856199,-0.39263433220902116,69.58138068171498,15.19314965581599,-0.857961655248208,1.2460946803234505,0.013412841885100854,-0.008070873823117514,63.41106816455186
-65,1,1,122,57.098876,0.033447,4.788117639736588,13.56100495574031,-0.7520413794911933,2.6093329164343286,6.7872066160025595,-0.3873108868876403,70.08906835162117,15.16465813564925,-0.8458541087695316,1.246538764278415,0.013141035317637335,-0.00818017824657571,63.41229310630122
-65,1,1,123,57.13231,0.033434,5.241126208686014,13.536032941811856,-0.7418856531042449,2.835984231936247,6.774341408191719,-0.3823340528147205,70.59561291366717,15.136569088994387,-0.8345447020839419,1.246973530860421,0.01286587176815461,-0.008278045613781346,63.41353489900609
-65,1,1,124,57.165758999999994,0.033449,5.693506885004481,13.51137781008523,-0.7324211865088119,3.0623119404675174,6.761631303063599,-0.37769026948852197,71.10145115533376,15.10883283911533,-0.8240025259994211,1.2473992338284523,0.012587497897986365,-0.008364786583517548,63.41479310344614
-65,1,1,125,57.199208,0.033449,6.145066838594882,13.48702788506909,-0.7236333507056765,3.2882194424283337,6.749071050491106,-0.37337241986961167,71.60636740362197,15.081436595018813,-0.8142113132856716,1.2478155789957475,0.012306406286472359,-0.00844058451920877,63.41606570912446
-65,1,1,126,57.232631,0.033423,6.59546510952994,13.462944404233037,-0.7195554053512376,3.5135361774039002,6.73664235337461,-0.37135437039017877,72.10998041787686,15.054337503336011,-0.8096612795464119,1.248222266163501,0.012023493714105946,-0.008469419801775043,63.41734896771258
-65,1,1,127,57.266056999999996,0.033426,7.045099057781362,13.438892941075075,-0.7195540187105928,3.738460683085992,6.7242300942729,-0.3713267302989215,72.61273439641329,15.027274403604729,-0.8096475896705285,1.2486194339925674,0.011740577881252023,-0.008457612628611335,63.41863543008268
-65,1,1,128,57.299490999999996,0.033434,7.494035182434484,13.41483356449673,-0.7196834456010367,3.9630263401211634,6.711814783528086,-0.3713587352063699,73.1147037460168,15.000202864096861,-0.809777580118866,1.2490072442916909,0.011458074643112836,-0.008440705303604003,63.41992343397218
-65,1,1,129,57.332933,0.033442,7.942272767299331,13.390761998090928,-0.719937746685224,4.187232804486728,6.699394474206817,-0.37144752867294073,73.61588767224859,14.973118189079756,-0.810044661198804,1.2493857091719072,0.011176153091833764,-0.008418799335894032,63.4212123309722
-65,1,1,130,57.366375,0.033442,8.389704018095467,13.366679923686654,-0.720310870896897,4.4110261820778085,6.686970286314379,-0.37159020995872316,74.11616565881675,14.946022383574435,-0.8104421234881737,1.249754759197436,0.010895046178753824,-0.008392003371508612,63.42250117405979
