-65,0,1,1,0.0,53.053,-46.369535897974856,-22.757716632448137,0.0,10.290812343431066,5.007887839134847,0.0,0.0,0.0,0.0,12.976062780148345,1.2571494175233424,11.44458501419987,-0.03511623299357591,-5.469620935202521e-05,-0.017825813435006964
-65,0,1,2,0.033448,53.086448,-46.369535897974856,-22.757716632448137,0.0,10.290812343431066,5.007887839134847,0.0,0.0,0.0,0.0,12.976062780148345,1.2571494175233424,11.44458501419987,-0.03511623299357591,-5.469620935202521e-05,-0.017825813435006964
-65,0,1,3,0.033443,53.119890999999996,-45.33470184274997,-22.256543927099482,0.0,10.33246667835953,5.0264586888753335,0.8151351661184234,0.3635628531380634,64.0583624154815,0.0,14.125863692052706,1.2534798911834188,11.490155177602617,-0.038582444091977974,0.8918798285639953,-0.05061821400465352
-65,0,1,4,0.033409,53.153299999999994,-44.98867531103953,-22.089064942501903,0.0,10.363926553431298,5.0404932722185745,1.066539357829368,0.4758877600158603,64.06403912945488,0.0,14.510287716789222,1.2521607495020666,11.524578534999163,-0.040442834168773034,1.1670526971366164,-0.06068221961632458
-65,0,1,5,0.033448,53.186747999999994,-44.64104328273075,-21.920879256629036,0.0,10.403672648632952,5.058231707261363,1.3084250333200065,0.5840595805745148,64.07113028830537,0.0,14.89646452100676,1.250772252859589,11.568072217292345,-0.0426351939896603,1.431849247926579,-0.07033900303402559
-65,0,1,6,0.033458,53.220206,-44.291833518796416,-21.752011274901243,0.0,10.451362293318844,5.0795241974989995,1.540686000306111,0.6880278883867808,64.0795291370713,0.0,15.28435845060937,1.2493046502768967,11.620262554735922,-0.045144414792562426,1.686152010662842,-0.07958472773890898
-65,0,1,7,0.033416,53.253622,-43.94133112655834,-21.582609027537167,0.0,10.50658836814162,5.104192039128807,1.7631000294477908,0.7876899627573569,64.08911521192557,0.0,15.673648357323378,1.2477500097359078,11.680705290165426,-0.047952415748017625,1.9297163154413084,-0.08841106572236454
-65,0,1,8,0.033426,53.287048,-43.58874418596739,-21.41229938988776,0.0,10.569108576569514,5.132130032446801,1.9761517041486334,0.8832597479992811,64.0997953527043,0.0,16.065209576263786,1.246096173753644,11.749136509221756,-0.05104959284918884,2.163071495059474,-0.09683778346167878
-65,0,1,9,0.033456,53.320504,-42.87642303025466,-21.06853288113569,0.0,10.703055004011105,5.1924944289980095,2.144859221315779,0.9686928511078947,64.12005917365262,0.0,16.856135470723864,1.2424808054382785,11.895970569066781,-0.057175466412374344,2.352143839874567,-0.09522547647104537
-65,0,1,10,0.033427,53.353930999999996,-42.51702856374252,-20.89524550959298,0.0,10.776713484721782,5.225808276305776,2.26139147851812,1.0241382852747083,64.130479035231,0.0,17.25512047711163,1.2405160221238765,11.976768280277193,-0.06039232597202928,2.481174066013033,-0.09722288859623421
-65,0,1,11,0.033451,53.387381999999995,-42.154834827988076,-20.720713975929097,0.0,10.854236938174594,5.260961529900137,2.3727894966597414,1.0772431592666838,64.14090424584585,0.0,17.65716680916553,1.23844108963511,12.061845674838585,-0.06367609834699144,2.6045636390049935,-0.09908830152199258
-65,0,1,12,0.033447,53.420829,-41.79001778209083,-20.54502468963225,0.0,10.935390455234955,5.297847256528286,2.479020485858847,1.1279896577101565,64.15129451209982,0.0,18.062078436264677,1.236255560726183,12.150944750393313,-0.06701966008015461,2.72227530505123,-0.10082184599436926
-65,0,1,13,0.033445,53.454274,-41.42243714712569,-20.36811143013145,0.0,11.020006644816538,5.3363890178259945,2.5801573169854537,1.1764102302417527,64.16162089915333,0.0,18.470010468622615,1.233957395176599,12.243881549198063,-0.07041882263841735,2.8343887998514345,-0.10242547300693129
-65,0,1,14,0.033416,53.48769,-41.052280232770585,-20.190065405305134,0.0,11.107843574263594,5.376476309888382,2.6761904330209134,1.2224977578516654,64.17184764348332,0.0,18.880754570587705,1.2315468138702117,12.340390193474573,-0.07386645988913108,2.9408924396890264,-0.10389987726146609
-65,0,1,15,0.033447,53.521136999999996,-40.301851284038136,-19.82943131068704,0.0,11.30167208681876,5.4654076519017,3.0237577739646944,1.3904385037820273,64.19192199685669,0.0,19.713325138051363,1.226369218872924,12.553561951928923,-0.08096343944298205,3.326874308224027,-0.10757120591682262
-65,0,1,16,0.033417,53.554553999999996,-39.92197407973002,-19.64703475831904,0.0,11.4049448589047,5.512951585967174,3.1558065579906387,1.4544589323803547,64.20168660466884,0.0,20.13471277735463,1.2236033354524323,12.667211545648255,-0.08458180460532475,3.4736094218469318,-0.10896059494668091
-65,0,1,17,0.033449,53.588003,-39.53818962351841,-19.46286902619222,0.0,11.512606779001946,5.562623863963348,3.2802994738072284,1.5149827498767192,64.21124681126815,0.0,20.56038773725923,1.2207129670214427,12.785738597454015,-0.08824747832478885,3.6120207323869145,-0.110193113364404
-65,0,1,18,0.03341,53.621413,-39.15117423012838,-19.277258985129357,0.0,11.624173422388601,5.614200479830046,3.397088752398305,1.5719338938118808,64.22055760591323,0.0,20.989599738055922,1.2177029111588837,12.908609547580022,-0.09194742854099382,3.741942131766641,-0.1112688149188581
-65,0,1,19,0.033401,53.654813999999995,-38.76045746489115,-19.089978995233604,0.0,11.73948583403845,5.667607449535354,3.5064094878935896,1.6254222817455541,64.2296058229867,0.0,21.422870516173454,1.2145695292420247,13.035649091431882,-0.09567975057057096,3.863633112926219,-0.11219161755600741
-65,0,1,20,0.033426,53.68824,-38.365516231647014,-18.900778451863324,0.0,11.858417277268,5.7227860198984555,3.608481644210231,1.6755511548623763,64.238381028368,0.0,21.860780083424093,1.2113085112477069,13.166717556014715,-0.09944320734628925,3.9773366427382357,-0.11296497021557712
-65,0,1,21,0.03341,53.72165,-37.5642814505126,-18.517262692396802,0.0,12.091270008162576,5.830414718385539,3.508910210938548,1.6214830036571675,64.25661858442918,0.0,22.74904457645668,1.2044017988412716,13.423153061775972,-0.10727571390061873,3.864095222191988,-0.11892302336909377
-65,0,1,22,0.033417,53.755067,-37.157658778737265,-18.322793353355287,0.0,12.208476335239558,5.884551537196762,3.5055163761853705,1.6184530117373033,64.26568214960939,0.0,23.199762877449892,1.2007501993631142,13.55221227097093,-0.11128245402588424,3.859697142172296,-0.12085379759291091
-65,0,1,23,0.033416,53.788483,-36.747116319872646,-18.126560223513497,0.0,12.325531252243211,5.938571468885576,3.5000634810284046,1.614586262148639,64.27474044222902,0.0,23.654777398921453,1.196963772536928,13.681083505376483,-0.11535102947699821,3.8530816685843594,-0.12263149993058134
-65,0,1,24,0.033411,53.821894,-36.332710038573126,-17.928592291355784,0.0,12.442352544767587,5.992440337898498,3.4925854943124413,1.6098963761350487,64.28377371760817,0.0,24.114025131829532,1.1930410232341022,13.809677895239668,-0.119475860684819,3.8442853306243556,-0.12425810337467406
-65,0,1,25,0.033423,53.855317,-35.9226294580785,-17.72960937265304,0.0,12.55891686001493,6.046190470473269,3.4826236135715436,1.6054059023556588,64.29262183684267,0.0,24.57773127682984,1.1889780952325943,13.93798843363269,-0.12365405747675008,3.8333381253297376,-0.1257365338613043
-65,0,1,26,0.033422,53.888738999999994,-35.50160530221749,-17.52526633054109,0.0,12.675127199892138,6.099743721811982,3.4711745925084774,1.5991328521791908,64.30140588999076,0.0,25.045705369486704,1.1847748488651002,14.065893855174533,-0.12787908426900704,3.820278415672331,-0.12706828902907652
-65,0,1,27,0.033415,53.922154,-34.648151662523006,-17.111399013766523,0.0,12.904284482721332,6.204960205729913,3.4052951000799667,1.5613019961019485,64.31965989245718,0.0,25.994173168565286,1.175937139151511,14.317940269204147,-0.13665874723787594,3.7444268954703994,-0.1334187720141726
-65,0,1,28,0.033448,53.955602,-34.215267995112626,-16.901662133845715,0.0,13.017712664450226,6.256922726597592,3.3768485415235636,1.5456876309781307,64.32887954763981,0.0,26.47516822350825,1.1712911268845407,14.442645161939401,-0.14115858850820828,3.711989605140234,-0.13561611633963744
-65,0,1,29,0.033413,53.989014999999995,-33.77905624536921,-16.69043656322436,0.0,13.130050686075665,6.30830212800284,3.347150510709664,1.5296544598086335,64.33815172622832,0.0,26.9598061946877,1.1664985086444866,14.566113800188221,-0.145724112786611,3.678244086051778,-0.13763268671689843
-65,0,1,30,0.033428,54.022442999999996,-33.33889982949922,-16.477426544005645,0.0,13.241425099348819,6.359161364581189,3.3161823723681674,1.5131874666001943,64.34746978214125,0.0,27.448770867159638,1.1615499943736929,14.688487496892622,-0.15035616407747227,3.6431670027027536,-0.13947420316226575
-65,0,1,31,0.03343,54.055873,-32.89500125108337,-16.262732897880447,0.0,13.351750210521285,6.409466122664478,3.283979868923652,1.4963013176120241,64.35681084512647,0.0,27.94183602719616,1.1564453333370486,14.809674204489797,-0.15504714962970534,3.6067969526518104,-0.1411423577528817
-65,0,1,32,0.033441,54.089313999999995,-32.44727443162172,-16.046316606121444,0.0,13.461014289594091,6.459215775699766,3.2505582885700464,1.4789998189379554,64.36615927408714,0.0,28.439096125182164,1.151181194764611,14.92966310620076,-0.1597926063775312,3.5691493726995125,-0.14264004290474033
-65,0,1,33,0.03344,54.122754,-31.540998695230293,-15.608609242858504,0.0,13.67491319015444,6.5574906655256955,3.1572661483319235,1.4539160462913154,64.38102239626664,0.0,29.445477267713034,1.1402065792959448,15.164945520414236,-0.16841006378683698,3.474345890055232,-0.12538001843918892
-65,0,1,34,0.033441,54.156195,-31.082504165888338,-15.387334541280673,0.0,13.779761186698346,6.605858214844953,3.1132126249193224,1.4387053354007309,64.38747936956752,0.0,29.954542318693722,1.1345056263149216,15.280360560668393,-0.17251739924627926,3.428090551754033,-0.12027939250836468
-65,0,1,35,0.033417,54.189612,-30.620848993193004,-15.164636054717153,0.0,13.883047733788207,6.653674173486351,3.06832117520978,1.4229828945586478,64.39317922623556,0.0,30.467071450653854,1.1286743926348537,15.394130662039194,-0.17645267248138186,3.380858416170398,-0.11525846676184366
-65,0,1,36,0.033448,54.22306,-30.155322086173452,-14.940165221320411,0.0,13.98491362544691,6.7009997630352265,3.0225396786539305,1.4067333383821186,64.39816124661866,0.0,30.983856578711755,1.1227088563473648,15.506409189124541,-0.18022484524297724,3.332595904438598,-0.11030857793952922
-65,0,1,37,0.03345,54.25651,-29.686372780461816,-14.714133390215167,0.0,14.085240281409092,6.747776190638692,2.9759286229921895,1.389980665758846,64.40244891288415,0.0,31.50440125515453,1.116619535588603,15.617063832854361,-0.18383292559274264,3.2833678929137844,-0.10543370607825177
-65,0,1,38,0.03343,54.289939999999994,-29.214363943561423,-14.486710057174157,0.0,14.183935705362554,6.7939565368284125,2.9285413629818082,1.3727469676782798,64.40606759297842,0.0,32.02830509219283,1.11041598337329,15.72599137654225,-0.1872771825156415,3.2332320097443286,-0.10063657326091138
-65,0,1,39,0.033446,54.323386,-28.260227840011048,-14.027211434574335,0.0,14.372948136179922,6.882952479457279,2.760420345312331,1.3049762241091916,64.41105802347414,0.0,33.08724436245858,1.0976758829625257,15.934842731947036,-0.19354603560832753,3.0524533059796437,-0.08837389587431645
-65,0,1,40,0.033426,54.356812,-27.778741558996675,-13.795433478427707,0.0,14.464029401138118,6.926100496041333,2.6893691502165935,1.2767349601598965,64.4125699498151,0.0,33.62157345376051,1.0911580651522077,16.035599094407385,-0.19640845626657016,2.9762295669966443,-0.08291369502669768
-65,0,1,41,0.033447,54.390259,-27.293930286448763,-13.562112793252961,0.0,14.552797125106474,6.968331499880328,2.6186588503651658,1.2485220284433756,64.4134520528157,0.0,34.159566723744696,1.0845434168877677,16.13387462749064,-0.19909184098156732,2.9003252950608425,-0.07756058107508525
-65,0,1,42,0.033452,54.423711,-26.806101139747803,-13.327391762330663,0.0,14.639219059644773,7.009625782544659,2.5483285178495065,1.2203541480679032,64.41372976644028,0.0,34.70088577579399,1.077840983250384,16.229631738944438,-0.2015983775453226,2.824782915267292,-0.07231631424006534
-65,0,1,43,0.033458,54.457169,-26.315316430121385,-13.091295040343018,0.0,14.723309773637396,7.049985815227541,2.4783810374577064,1.1922336858166136,64.41342811886284,0.0,35.245463835073394,1.0710563913039495,16.322884626934925,-0.20393170711667624,2.7496060437186434,-0.06717986179549579
-65,0,1,44,0.033454,54.490623,-25.82180049870726,-12.853925337444688,0.0,14.805057232601348,7.089401259260585,2.408842139686918,1.1641722486725579,64.41257125404687,0.0,35.79305428859602,1.0641974100031915,16.413617969048612,-0.20609473921366833,2.6748228735377553,-0.062151838661669914
-65,0,1,45,0.03345,54.524072999999994,-24.826468524409986,-12.375312337850746,0.0,14.972012932348822,7.169907603245784,2.472941528017158,1.1953138410638182,64.41082918275875,0.0,36.89739202330199,1.0502578926766843,16.598928545476706,-0.21051704838461482,2.7460653015960164,-0.06394072794486365
-65,0,1,46,0.033469,54.557542,-24.324348612547624,-12.133919113332475,0.0,15.054644794065162,7.209881877704591,2.464320072839854,1.1931615930179753,64.40958180477125,0.0,37.454478146628304,1.043176513626387,16.690701371912027,-0.21263649635080326,2.7373736254366974,-0.06269749962467076
-65,0,1,47,0.033459,54.591001,-23.819602589268193,-11.891298047760834,0.0,15.136908440015304,7.249746419964742,2.4524198904328265,1.1894741030088394,64.40814294985412,0.0,38.01446244528654,1.0360270568805554,16.78209518673026,-0.21471240933677374,2.7250627600945236,-0.061376648902995906
-65,0,1,48,0.033453,54.624454,-23.312185095343466,-11.64742586830275,0.0,15.218705429661368,7.289455236167697,2.437315201765425,1.1842843118616009,64.4065120891461,0.0,38.57739589603962,1.0288101962250342,16.873001371622568,-0.21674249264967016,2.7092138687113843,-0.05998016433913071
-65,0,1,49,0.033413,54.657866999999996,-22.802634077562935,-11.402559574023313,0.0,15.299847748811132,7.328918646063731,2.4191010749528683,1.1776328085479273,64.40469100516103,0.0,39.14268238344292,1.021534967393149,16.963211671792436,-0.2187222791271163,2.689930200334088,-0.05851170710384444
-65,0,1,50,0.033448,54.691314999999996,-22.28982644645422,-11.1561579391029,0.0,15.380414201557794,7.368176682336744,2.397810489792646,1.1695372510888953,64.40267558401067,0.0,39.71156851893492,1.014186698225421,17.05281444621515,-0.2206537934582034,2.667249156470909,-0.05697008480653566
-65,0,1,51,0.033453,54.724768,-21.25627664169057,-10.65966127852786,0.0,15.530583940663313,7.440561163665927,2.180189428719376,1.048158046564945,64.40134387896266,0.0,40.858090048657516,0.9992697691949433,17.21947351679722,-0.22521050721946453,2.4183459730799433,-0.07039878476628426
-65,0,1,52,0.033455,54.758222999999994,-20.735730016903247,-10.409669826482316,0.0,15.602206713920053,7.474921611344921,2.101641485189104,1.0060596495372147,64.40120460707531,0.0,41.435504234580335,0.9916953010024752,17.29888709573264,-0.22762400738518968,2.329262769897739,-0.07384209836560413
-65,0,1,53,0.033454,54.791677,-20.21282721829942,-10.158600538398813,0.0,15.671208996206628,7.507881564550593,2.0236561750512463,0.9644926494222978,64.40149785500505,0.0,42.01550811101738,0.9840384397347851,17.375330463362488,-0.2301483848601902,2.240918906824271,-0.07703243182204843
-65,0,1,54,0.033416,54.825092999999995,-19.68823750932653,-9.906780061990109,0.0,15.73753786369178,7.5394246918242445,1.946325400618836,0.923500756906968,64.40219136863725,0.0,42.59735697212399,0.9763042346744558,17.44874894541758,-0.23277228058859117,2.1534162262079715,-0.07997082259217504
-65,0,1,55,0.033452,54.858545,-19.160885644820027,-9.653697330784784,0.0,15.801359491742932,7.569638618951165,1.8694844905015735,0.8829918279337508,64.40325682188308,0.0,43.18224116431068,0.968472276876633,17.519330282202244,-0.23549325239342778,2.0665663137307564,-0.08266792818340056
-65,0,1,56,0.033455,54.891999999999996,-18.6313736981378,-9.399646188412513,0.0,15.862625701862967,7.5985087734398205,1.7932168757724005,0.8430054423297997,64.40466526110811,0.0,43.76949075050007,0.9605471181872591,17.587024834468306,-0.23830066982821768,1.9804615837691146,-0.08512479129396032
-65,0,1,57,0.033452,54.925452,-17.56652610479373,-8.888921501550312,0.0,15.97438883559751,7.6522383579687006,1.581237374883153,0.7640170286316296,64.40410265329862,0.0,44.950372274409624,0.944455837622889,17.710982800057895,-0.24277317414269062,1.7554379752005518,-0.0626481698707575
-65,0,1,58,0.03345,54.958901999999995,-17.031407156610495,-8.632342702752945,0.0,16.025726870057827,7.6771510540862264,1.4885837852598875,0.725636736424901,64.40317167811654,0.0,45.54376798631049,0.9363012196249425,17.76802357068476,-0.24476195076320528,1.6553716697525178,-0.05628797797370062
-65,0,1,59,0.033438,54.99234,-16.494793933346777,-8.375089034876746,0.0,16.073977150260987,7.700782228847496,1.397651358451989,0.6879002918896452,64.40167341028842,0.0,46.13880220420639,0.9280865650218085,17.821728491230544,-0.24653995235488052,1.5571350855911017,-0.050083660273679956
-65,0,1,60,0.033416,55.025755999999994,-15.956950842463609,-8.117281187765757,0.0,16.119186091902293,7.72314773335249,1.3084525093864512,0.6508141901691463,64.39963059249887,0.0,46.735184432953844,0.9198213561928843,17.872146249858986,-0.24811207188571913,1.4607421829907883,-0.044035346698518364
-65,0,1,61,0.033418,55.059174,-15.417592460016824,-7.858776478771006,0.0,16.161444592701027,7.744285591566308,1.2209094662451112,0.6143474202143819,64.3970626491016,0.0,47.333233771924704,0.9115064632536879,17.919375213554176,-0.24948467397209584,1.3661094575399804,-0.03813706634306611
-65,0,1,62,0.033447,55.092620999999994,-14.878649187337793,-7.6000562067024555,0.0,16.181020681890896,7.805448188070278,1.1548326260852089,0.5370595685122229,64.24813191030304,0.0,47.933329835381834,0.9031416971716054,17.9635079949513,-0.2506635987757002,1.273150214724012,-0.032382770404513254
-65,0,1,63,0.033428,55.126048999999995,-13.794405968713491,-7.077073509273127,0.0,16.252258230917125,7.838475990121745,0.981250231513896,0.45656827377353587,64.25195281674186,0.0,49.13699546123164,0.8863095823065624,18.041999045524037,-0.25273284993886114,1.0818962413443973,-0.026750182440545174
-65,0,1,64,0.033452,55.159501,-13.250206587718585,-6.814602744392966,0.0,16.283690913763813,7.85312157692244,0.8983128630179544,0.4191824482442565,64.25342128680138,0.0,49.741124710455864,0.8778408797026178,18.076664856208026,-0.2535664671297522,0.9909948570729988,-0.02310174822680951
-65,0,1,65,0.033447,55.192947999999994,-12.705085047646223,-6.551698660094468,0.0,16.31237434469395,7.86652790086528,0.8171340890127091,0.3825949174273589,64.25463755032142,0.0,50.34627255604445,0.8693475899281775,18.108317428146854,-0.2542791733393182,0.9020233582053866,-0.019527531122517414
-65,0,1,66,0.03342,55.226367999999994,-12.159492040293323,-6.288575718074661,0.0,16.338351665598264,7.878714278956407,0.7377500738477157,0.34682182133075773,64.25560776507568,0.0,50.9519399745118,0.8608393294343436,18.137003984363183,-0.2548731240896207,0.8150213111437111,-0.016029215624738122
-65,0,1,67,0.033457,55.259825,-11.612471210047625,-6.024769872233021,0.0,16.36172907289782,7.889729672951412,0.659994826467231,0.3117882082662168,64.25633995619744,0.0,51.559189887022754,0.8523037112167857,18.16284140781334,-0.2553518391962954,0.7298067299423827,-0.012599573659390143
-65,0,1,68,0.033449,55.293274,-11.064844207630323,-5.760674607484763,0.0,16.382528878562095,7.899583672465004,0.5839604123770484,0.27753541208265003,64.2568388000134,0.0,52.167111411364374,0.8437560284210459,18.185853939288783,-0.2557169412678413,0.6464804479789065,-0.009242750835684209
-65,0,1,69,0.033435,55.326708999999994,-9.968229490968469,-5.231833408562815,0.0,16.41592748385894,7.915340839351126,0.42327622653046537,0.20013471134069702,64.25782284992198,0.0,53.38446251219014,0.8266344690628291,18.22277691461755,-0.2563148035068902,0.4681451019215244,-0.006642372591081523
-65,0,1,70,0.03345,55.360158999999996,-9.418910614646478,-4.966925578695199,0.0,16.428821572960167,7.921439566025242,0.3479698095193643,0.16465710493362626,64.2581580893701,0.0,53.99426069176983,0.8180573838867277,18.237038916468354,-0.25650464629384584,0.38492248056746575,-0.004713213986690875
-65,0,1,71,0.033438,55.393597,-8.869401210953978,-4.701924997480376,0.0,16.43922328243831,7.926364459518251,0.27447526721562837,0.13005458140569667,64.25841392760184,0.0,54.60427076440221,0.8094781019982843,18.248546695898995,-0.25663040071231324,0.3037117621316072,-0.002813157606680218
-65,0,1,72,0.033449,55.427046,-8.31940555837128,-4.43668811206453,0.0,16.447199318673306,7.930147674962008,0.20272555345614238,0.09629516359846442,64.2585906528213,0.0,55.214821431150376,0.8008928484588893,18.257374297113053,-0.25669310467693107,0.22443867854966243,-0.0009407785677023091
-65,0,1,73,0.033453,55.460499,-7.769118836963381,-4.171308106198362,0.0,16.452805291447458,7.932816104979545,0.13272045396990392,0.06337835065815574,64.25868823138386,0.0,55.82569644368573,0.7923055129399776,18.26358348421738,-0.2566936476159717,0.14710281508034295,0.0009036289677838129
-65,0,1,74,0.033432,55.493930999999996,-7.2190307073294075,-3.9060201849404232,0.0,16.456097127332523,7.934396760052566,0.06449454444112754,0.03131996355947974,64.25870665831192,0.0,56.43635264732213,0.78372457534916,18.267236356517355,-0.2566330167084621,0.07174217377575214,0.0027188247381245132
-65,0,1,75,0.033453,55.527384,-6.118049421267019,-3.3750435812230632,0.0,16.45523776522898,7.933985807913775,-0.08122605834742526,-0.03855696916937433,64.25869706984152,0.0,57.6585643186545,0.7665613468137551,18.26628724213198,-0.25638076823662925,-0.08984515476347324,0.005332477982759751
-65,0,1,76,0.033449,55.560832999999995,-5.567724854191733,-3.109627990840517,0.0,16.45138855724512,7.932158201662011,-0.1486030859475828,-0.07055726538982611,64.25861706819255,0.0,58.269489091717865,0.757988925791067,18.2620286995028,-0.25617762623926793,-0.164420552296551,0.0068142338425104376
-65,0,1,77,0.033452,55.594285,-5.017518739154632,-2.844263926494819,0.0,16.445317479594017,7.929276202335153,-0.21404810361444876,-0.10158815353024402,64.25848925114144,0.0,58.88028487327905,0.7494233611660497,18.25531129729178,-0.2559248650095902,-0.23683441169263447,0.008297891301404145
-65,0,1,78,0.033449,55.627734,-4.467602979186604,-2.579033715541991,0.0,16.437090094919096,7.925372661165618,-0.27757019994614696,-0.13165515745516074,64.25831000915775,0.0,59.49076108991463,0.7408678491644513,18.24620836652553,-0.2556224797872047,-0.30709733188934535,0.009782642438766666
-65,0,1,79,0.033448,55.661182,-3.918015714656178,-2.3139551336140043,0.0,16.426770068882945,7.920479488225693,-0.339194341998442,-0.16077133550145847,64.25807576355552,0.0,60.100875678063446,0.732323537665766,18.234791121019526,-0.255270429427443,-0.37523748358317344,0.011268034055870771
-65,0,1,80,0.033453,55.694635,-3.3687273723024735,-2.0490132558766287,0.0,16.414418262739073,7.914627224431357,-0.3989520737938485,-0.1889528303958747,64.25778293689915,0.0,60.71066176341261,0.7237905581609827,18.221127654135593,-0.25486862801677757,-0.4412902995398149,0.012753790854986284
-65,0,1,81,0.033448,55.728083,-2.2717978409640245,-1.5198895188225094,0.0,16.381861637523592,7.899472381714069,-0.552267851175616,-0.25626438064912543,64.256241607079,0.0,61.92842077131141,0.7067810161965088,18.185233561758494,-0.25364330214492975,-0.6085264169577729,0.021029143068242277
-65,0,1,82,0.033461,55.761544,-1.7240063971475985,-1.255630613738958,0.0,16.362266096863333,7.890398187008496,-0.6185903037982392,-0.2859313375403618,64.25517637955889,0.0,62.53656254136965,0.698306209716474,18.163650049823495,-0.25288780448500336,-0.6811160290493374,0.024113729242680543
-65,0,1,83,0.033448,55.794992,-1.1771213899931143,-0.9917908217855432,0.0,16.340499044538348,7.880353255297402,-0.6825721706142799,-0.31452211478557746,64.25389103846065,0.0,63.14370612951447,0.6898616704744197,18.139690099425536,-0.2520308505683895,-0.7511309068280859,0.02711334301847731
-65,0,1,84,0.033452,55.828444,-0.6309361814722769,-0.7282679425813641,0.0,16.316627257041997,7.869368264909591,-0.74427547595914,-0.3420651593333258,64.25238855525944,0.0,63.75008206404831,0.6814464527572356,18.113427156701647,-0.2510748352091089,-0.8186392469021654,0.030030332534035645
-65,0,1,85,0.033414,55.861858,-0.08620425036027823,-0.4654230905392517,0.0,16.290759753973983,7.857493304376075,-0.8036547450050202,-0.36854094862216674,64.25067452756072,0.0,64.35485491449191,0.6730743332903507,18.08498112954929,-0.25002386657962633,-0.8835916402641821,0.03286194999001686
-65,0,1,86,0.033449,55.895306999999995,0.4581981592954604,-0.20271163147101623,0.0,16.26291526125717,7.8447370024363945,-0.8608685486285789,-0.39402093345354916,64.24874848799793,0.0,64.95927337017142,0.6647301857164654,18.05437262761358,-0.24887839501161502,-0.9461618720808692,0.035615181609997784
-65,0,1,87,0.033459,55.928765999999996,1.5447792168068915,0.32124128057519913,0.0,16.20227497764421,7.815863272678383,-0.956575924451701,-0.45918370834944916,64.24766609968685,0.0,66.16523014530866,0.6481231976169012,17.987224065689052,-0.24739353082717455,-1.060903163796487,0.019888665799469976
-65,0,1,88,0.03345,55.962216,2.0862441404333403,0.5823309594685674,0.0,16.169486222698925,7.800035470094723,-1.0035631220147925,-0.4869694921178223,64.24769696722147,0.0,66.76629900577602,0.6398582766310661,17.950819782520902,-0.2467937929574081,-1.115354585593993,0.01600618373152784
-65,0,1,89,0.033453,55.995669,2.626633098998049,0.8429026745157517,0.0,16.13515503587675,7.783296941690661,-1.0486191219231489,-0.5135496524572033,64.24820808006787,0.0,67.36617384285607,0.6316105460666386,17.912628663352617,-0.246320285701837,-1.1675395502773858,0.012338128328402274
-65,0,1,90,0.033452,56.029120999999996,3.1658309619780547,1.1028954625915786,0.0,16.099349704888017,7.765689743143695,-1.0917635926053628,-0.5389375049461598,64.24917634957609,0.0,67.96472441898297,0.6233768888107932,17.87273059322415,-0.2459659510472062,-1.2174816085506737,0.008881452631149894
-65,0,1,91,0.033453,56.062574,3.7038216870279164,1.3622964402481956,0.0,16.062131569609296,7.747252404563508,-1.1330243450782327,-0.5631511695198685,64.25057923886727,0.0,68.56193062640094,0.6151529438735547,17.83119766627795,-0.2457237586769121,-1.265213742290209,0.0056324449536738815
-65,0,1,92,0.033458,56.096031999999994,4.24062309056107,1.6211093409208808,0.0,16.023558454585096,7.728021536862246,-1.1724310452534323,-0.5862098310856881,64.2523948743125,0.0,69.15781007300542,0.6069340933393029,17.78809797413846,-0.24558681593980158,-1.3107710685342986,0.002587266676177695
-65,0,1,93,0.033451,56.129483,5.310080354189541,2.1366921747682355,0.0,15.943797395726506,7.688436689657046,-1.2231088926719365,-0.6078511671490061,64.25565091632991,0.0,70.34494742147064,0.5905202831555592,17.69905745281703,-0.2451518075027515,-1.3657788640448532,0.005820925709378207
-65,0,1,94,0.033449,56.162932,5.842726368153727,2.3934551317031594,0.0,15.902424552653386,7.667877260308653,-1.2504579923978225,-0.6213326720378922,64.25742991302117,0.0,70.93619339791626,0.5823234799514182,17.65285941132007,-0.24495496761697855,-1.3962699990209269,0.0059543777728586
-65,0,1,95,0.033451,56.196383,6.374003561441819,2.649541604870078,0.0,15.860156306712762,7.646877234650846,-1.2764989067491028,-0.6341219557722014,64.2592442812765,0.0,71.52591252722053,0.5741328523957452,17.605663448043536,-0.24475307843973054,-1.4252815084112742,0.006121999266655838
-65,0,1,96,0.033447,56.22983,6.9037876433115475,2.904891392774087,0.0,15.817043848988495,7.625463444654869,-1.3012435947575671,-0.646225859592699,64.26108828877152,0.0,72.11396671642083,0.5659500564711377,17.55752734832599,-0.24454504570205002,-1.4528271484568198,0.006323065695874265
-65,0,1,97,0.033449,56.263279,7.432146102534539,3.1595367993280927,0.0,15.773122500221627,7.603654809343655,-1.3247131246903492,-0.6576556886468351,64.26295689972576,0.0,72.70043077681657,0.5577738485672439,17.508491164353163,-0.2443297247979231,-1.4789308193404749,0.006556918741658112
-65,0,1,98,0.033412,56.296690999999996,7.958438988609649,3.413169262515008,0.0,15.728487076449063,7.581499748569162,-1.346898615697851,-0.6684082284154872,64.26484258101445,0.0,73.28459432016534,0.5496140116971507,17.458661353838004,-0.24410629566405975,-1.5035831400768234,0.006822544327236654
-65,0,1,99,0.033447,56.330138,9.007571328026346,3.9187284213863247,0.0,15.636666597601945,7.536292354631477,-1.3943130392202745,-0.684683990730501,64.26766069412332,0.0,74.44906970977848,0.5333107692607895,17.35631981174686,-0.24332556668095823,-1.5532744809397268,0.013390311124322648
-65,0,1,100,0.033413,56.363550999999994,9.52927729999732,4.1701127521069505,0.0,15.589726923607996,7.5132807742661,-1.4151604361583554,-0.6926322702205698,64.2688190897295,0.0,75.02812517367153,0.525188413835788,17.304045812052554,-0.24284167684130697,-1.575476961422497,0.015565515969739445
-65,0,1,101,0.033446,56.396997,10.04991483744463,4.420974146368399,0.0,15.542062477009528,7.4899891556778835,-1.4348827284778487,-0.7000716060688693,64.26977736256855,0.0,75.60599113055325,0.5170754361353757,17.250998272488424,-0.2422853566380707,-1.5964455255723733,0.01769296802353499
-65,0,1,102,0.033446,56.430443,10.568945858338113,4.671055600550013,0.0,15.49375736686355,7.466457273283544,-1.45347316092388,-0.7070006664088268,64.27053606453607,0.0,76.18207136337276,0.5089822457912445,17.197270208509597,-0.2416587108206617,-1.616173532977034,0.019770907754331896
-65,0,1,103,0.033446,56.463888999999995,11.08634957853399,4.920349336215657,0.0,15.444849208460846,7.442702080462107,-1.470946138540411,-0.7134262259523798,64.27109694119002,0.0,76.75634380220873,0.5009111672978818,17.142902845668505,-0.24096338846238904,-1.6346768963599996,0.021799748715073616
-65,0,1,104,0.033448,56.497336999999995,11.60213725564805,5.16886297350449,0.0,15.395372160661974,7.418738865307914,-1.4873170129253133,-0.7193553984600864,64.27146170841205,0.0,77.32882192293995,0.49286398982417434,17.087933573356565,-0.2402009772449443,-1.651972526802442,0.023780021420345805
-65,0,1,105,0.033432,56.530769,12.627960582194428,5.663133201947951,0.0,15.288140161908732,7.367325523698406,-1.648188640897677,-0.7870366244323685,64.27067174713684,0.0,78.46740034336449,0.47687222457473827,16.969031290323027,-0.2381009246994955,-1.826135645875386,0.03503157895088444
-65,0,1,106,0.033458,56.564226999999995,13.138548681729882,5.909164026128826,0.0,15.232113651387374,7.340630546751335,-1.7003039802160054,-0.8084363778716035,64.26974348014727,0.0,79.03411741114554,0.4689262243236892,16.90698200629094,-0.23685977209052936,-1.8823221561297512,0.03913461224554284
-65,0,1,107,0.033424,56.597651,13.646716342723444,6.15404433986312,0.0,15.174460071408635,7.31327344284582,-1.7489656185934404,-0.8282847178594364,64.26843449171038,0.0,79.59815501747468,0.4610320251387519,16.843181218446738,-0.23548535235125403,-1.9347257520873526,0.043081768546917525
-65,0,1,108,0.033456,56.631107,14.153412710943186,6.398235517906378,0.0,15.115178602114147,7.28525101134103,-1.794328151183134,-0.8466479481096219,64.2667486574589,0.0,80.16056844407655,0.4531784540286967,16.77762676385954,-0.23398000914364112,-1.983514362164528,0.046882838574744574
-65,0,1,109,0.03345,56.664556999999995,14.658009257064943,6.64143855116104,0.0,15.05444568420762,7.2566441975072395,-1.8363943638486253,-0.8635304317430925,64.26469368474199,0.0,80.72066178825538,0.44537873936478906,16.710512655656974,-0.23235028104364946,-2.0286924229377368,0.05053531346880716
-65,0,1,110,0.033447,56.698004,15.16050499421937,6.883656708928373,0.0,14.992365455664563,7.22749963369059,-1.8752275679944699,-0.8789612504080628,64.2622756002857,0.0,81.27843562738944,0.43763624698663106,16.641952893112162,-0.2306009857684946,-2.0703295647268587,0.05404156369640195
-65,0,1,111,0.033448,56.731452,16.159335657790248,7.365221846554139,0.0,14.869394406734939,7.170131438822934,-1.8506339686593665,-0.8603274895815536,64.25629299950229,0.0,82.3871887684004,0.42233433324088304,16.5063088138674,-0.22681317043050644,-2.0400040047652586,0.05965914158472842
-65,0,1,112,0.03342,56.764872,16.65507130614765,7.6043607502883175,0.0,14.804811628042438,7.146968508167385,-1.860431933331218,-0.8443693857030581,64.23124339452116,0.0,82.93768998631309,0.4147880835101076,16.438098544860644,-0.2247719466644462,-2.041840921344202,0.06247866278354178
-65,0,1,113,0.033438,56.79831,17.14907976681313,7.842857676218818,0.0,14.74256757515739,7.1187648579519704,-1.8623739089971265,-0.842498912236488,64.22543021531838,0.0,83.48620542386364,0.4073075984920125,16.369805879226398,-0.2226371203075669,-2.042737153177509,0.06519215247034137
-65,0,1,114,0.033448,56.831757999999994,17.641159436780725,8.08046978270091,0.0,14.680254649582928,7.090620715866776,-1.8634392145305056,-0.8403076182236793,64.21927472318607,0.0,84.03259997864238,0.39989779077427756,16.301478367644854,-0.22041266317310856,-2.042705578435483,0.06780009939297464
-65,0,1,115,0.033453,56.865210999999995,18.131234086175358,8.3171635326228,0.0,14.617911260197033,7.062550964626742,-1.8636404938477595,-0.8378007410666174,64.21278422961583,0.0,84.57679046936566,0.39256273537483916,16.23315702777988,-0.21810238509945154,-2.041759863119556,0.07030331610660602
-65,0,1,116,0.033451,56.898661999999995,18.619200581199156,8.552892247824772,0.0,14.5555791325659,7.03457194793199,-1.8629909819676704,-0.8349838925247637,64.20596668753299,0.0,85.11866377423003,0.3853067783771712,16.16488649702736,-0.21571025298322113,-2.039914369435781,0.07270253877791372
-65,0,1,117,0.033447,56.932109,19.588685102012455,9.02137304179894,0.0,14.428325581929357,6.976601336906627,-1.912950601291772,-0.8740418079997099,64.19460473850812,0.0,86.19531145369706,0.37101465755796,16.025129997626113,-0.2115511084068379,-2.10205639869621,0.06045013158304932
-65,0,1,118,0.033454,56.965562999999996,20.070341532179,9.254185546577265,0.0,14.364097030496582,6.947184163828116,-1.9266367442425225,-0.8844880678362732,64.18930430339145,0.0,86.73023664610672,0.36397067946129624,15.954520596640972,-0.2095801494032582,-2.118964872720782,0.057400137553709554
-65,0,1,119,0.03345,56.999013,20.54979080085129,9.485967873205825,0.0,14.299440911424337,6.917434497470667,-1.9389777169729339,-0.8941340655491984,64.18436472226487,0.0,87.26272696825163,0.35699178343439486,15.883380218414203,-0.20770951687816713,-2.134312575970814,0.0544653605631492
-65,0,1,120,0.033461,57.032474,21.027233328603852,9.71681302381045,0.0,14.234372729421452,6.887365442897612,-1.9499984953397376,-0.9029953166166802,64.17977209554739,0.0,87.79300327506476,0.3500715741131979,15.811728580091916,-0.20593458578347218,-2.1481287705900787,0.05164294061445175
-65,0,1,121,0.033423,57.065897,21.501960171593403,9.946374455434563,0.0,14.169032132208915,6.857047527702365,-1.9597043666720886,-0.9110712232989413,64.17552106483555,0.0,88.32027648753218,0.3432169582649994,15.739722126872259,-0.20425408095219053,-2.1604179103133947,0.04893529662788954
-65,0,1,122,0.033417,57.099314,21.974419204732197,10.174865128547305,0.0,14.103400421150972,6.82647799146374,-1.9681269923140552,-0.9183824657387657,64.17159534891881,0.0,88.84504243826032,0.33641823409429134,15.667342886214293,-0.20266251022488743,-2.171217545042189,0.04633804072448895
-65,0,1,123,0.033451,57.132765,22.91308715685513,10.628994035296706,0.0,13.961996320363797,6.758868270892686,-2.1616107379082914,-1.040808684554621,64.16882191323762,0.0,89.8879463874244,0.32292601858407033,15.510620467003106,-0.2007343560938974,-2.3990446833192287,0.022011162314136197
-65,0,1,124,0.033449,57.166214,23.378801700011447,10.854647125472056,0.0,13.888710278294395,6.7234084132631144,-2.219607094282083,-1.0789643154626036,64.16876439102376,0.0,90.40540596568165,0.31622246110952923,15.429207394569945,-0.2001326092512316,-2.4679806567328937,0.014051792031485684
-65,0,1,125,0.033449,57.199663,23.84204048498754,11.079078414749507,0.0,13.813558046743273,6.686718290318081,-2.2732085411511678,-1.1143777840069216,64.16980460931192,0.0,90.92010476010401,0.3095346712627519,15.34557499190013,-0.19978882048178134,-2.5317599853013264,0.006585604994404094
-65,0,1,126,0.033452,57.233115,24.302784639175748,11.302268442263866,0.0,13.736678295735627,6.648885336704413,-2.3225010904261243,-1.1471025323105715,64.17189241661957,0.0,91.43201718285366,0.3028536956561596,15.259886371176261,-0.19968665445203312,-2.59048343840697,-0.0003975681270882501
-65,0,1,127,0.03342,57.266535,24.76050022115375,11.523948983810046,0.0,13.658296385944942,6.610039664889673,-2.3675204208642624,-1.1771583941887258,64.17497486843838,0.0,91.9405457082051,0.29617871329194934,15.172401277879386,-0.1998099115044244,-2.644191737276916,-0.006900599782567355
-65,0,1,128,0.033454,57.299989,25.216040418873938,11.744524286052402,0.0,13.578397491793833,6.570191917217237,-2.4084367802951654,-1.204655142050098,64.17900945336255,0.0,92.44663422510631,0.2894892619705631,15.08311118395989,-0.20014316506912844,-2.6930861903833287,-0.012945850547491816
-65,0,1,129,0.033453,57.333442,26.11922697811313,12.181707878144913,0.0,13.422591589758532,6.492998639151633,-2.328775200903318,-1.154817612002434,64.18524713364508,0.0,93.44997668737997,0.2760968244081888,14.909220712468414,-0.2003348706147567,-2.5995417441031625,-0.003564056640263162
-65,0,1,130,0.03346,57.366901999999996,26.567014095921415,12.398384390156972,0.0,13.344906537162414,6.454492904437331,-2.314578536209464,-1.146728163438049,64.18847125160343,0.0,93.94738703789474,0.2693918312287314,14.82251107981001,-0.2004355954951854,-2.583224617404496,-0.002457049847202195
-65,0,1,131,0.033454,57.400355999999995,27.01213677360254,12.613725277315021,0.0,13.267720704848795,6.416269882092379,-2.2997648439592595,-1.1383298794035515,64.19158879019481,0.0,94.44181692996405,0.26268528991686535,14.736374449757069,-0.20049932235841772,-2.566217411320547,-0.0013532969496717017
-65,0,1,132,0.033415,57.433771,27.45417757271491,12.827530341211425,0.0,13.191129737027195,6.378376976481087,-2.284361811966338,-1.1296377422029258,64.19459343130215,0.0,94.93280346773233,0.255985054251888,14.650917577031679,-0.20052616839539206,-2.548551594100756,-0.0002540884991848205
-65,0,1,133,0.033452,57.467223,27.89415924217514,13.040295932448378,0.0,13.114979496919219,6.340738040499203,-2.2683462972718407,-1.1206380911247185,64.19748852607901,0.0,95.42148339348385,0.2492771154549538,14.565968533264988,-0.20051631050717833,-2.5302003544609657,0.0008428677196861485
-65,0,1,134,0.033445,57.500668,28.331517436818913,13.25175076224547,0.0,13.03939056965153,6.303412840676667,-2.2517504000382638,-1.1113484487128344,64.20026659246307,0.0,95.90723062249681,0.24257152280324307,14.481661911344322,-0.2004698317551095,-2.511200243689215,0.0019359160153627512
-65,0,1,135,0.033423,57.534091,28.766292900099227,13.461769401689741,0.0,12.969005623574446,6.25692200788183,-2.2361783415628715,-1.0985302701439035,64.24492415761888,0.0,96.38985220617191,0.2358725037546978,14.398056290920929,-0.20038692695356558,-2.49157392796491,0.00302436297363508
-65,0,1,136,0.033459,57.56755,29.19898037435348,13.670494368123453,0.0,12.89448082942887,6.220329767969374,-2.2184226933028035,-1.088711896987071,64.24722243466978,0.0,96.87020586108012,0.22916965319717741,14.315028158759654,-0.20026756280722618,-2.4713002616965998,0.004109886721467466
-65,0,1,137,0.033453,57.601003,29.629114078606168,13.877949676321387,0.0,12.820572532971216,6.184077111148113,-2.2001217830985356,-1.0786215042922043,64.24939447561158,0.0,97.34770754481012,0.22247260394713908,14.232703361799247,-0.20011198072675404,-2.450417170081351,0.005190910804531662
-65,0,1,138,0.033435,57.634437999999996,30.056562727425124,14.084073752850756,0.0,12.74732472768182,6.148185731141886,-2.181294601805697,-1.06826908889691,64.25143602145174,0.0,97.82221229478374,0.21578496200776132,14.151130955584714,-0.1999204228616208,-2.428946112019522,0.006266843917390088
-65,0,1,139,0.033424,57.667862,30.481439926885756,14.288923138117344,0.0,12.67473898596135,6.112656503561369,-2.161949726244886,-1.0576589107259895,64.25334404554262,0.0,98.2938470090532,0.20910652195210178,14.070312739186026,-0.19969305015218994,-2.406896665222258,0.007337709255101653
-65,0,1,140,0.033455,57.701316999999996,30.90429892571222,14.492766261203693,0.0,12.602742012014396,6.07745373939556,-2.1420742118375675,-1.046783493139477,64.25511719254358,0.0,98.76322657514207,0.20243009653638055,13.990167188717315,-0.1994297059696843,-2.384253907209013,0.008404640027199624
-65,0,1,141,0.03345,57.734767,31.324704006726186,14.695394766245274,0.0,12.531428996966628,6.042624179798633,-2.1217006854712337,-1.0356603371866715,64.25674975761025,0.0,99.22986809422179,0.19576407307958746,13.910800358306727,-0.19913080032123426,-2.3610548505920956,0.009466274124232238
-65,0,1,142,0.033441,57.768207999999994,31.74262907557238,14.896797825468987,0.0,12.460824597255746,6.0081799937064915,-2.1008437297844607,-1.0242970269520535,64.258237999402,0.0,99.69374338400372,0.1891104301308593,13.83223974653,-0.19879656653089403,-2.3373159320121126,0.010522279613921118
-65,0,1,143,0.033387,57.801595,32.15754158605586,15.096720612487152,0.0,12.3910379784022,5.974174474222245,-2.0795445838668503,-1.0127156210944184,64.25957670609803,0.0,100.15426215650321,0.1824792688161046,13.75460683786537,-0.198427735968351,-2.313083906273858,0.011571043035886582
-65,0,1,144,0.033416,57.835010999999994,32.570499324446295,15.295674579523752,0.0,12.321910572446443,5.940530456454987,-2.0577626249486487,-1.000893678743054,64.26076576676225,0.0,100.61259925650218,0.1758552624243456,13.67772528257,-0.1980236197582671,-2.288312399723075,0.012614970267733141
-65,0,1,145,0.033452,57.868463,32.98160630100982,15.493711497746492,0.0,12.25344535076964,5.907249650157549,-2.0355037510347302,-0.9888341516752633,64.26180139523308,0.0,101.06887086642634,0.16923822867956861,13.601598504101782,-0.19758422710527296,-2.2630080086478124,0.013654055201206348
-65,0,1,146,0.033419,57.901882,33.39003898975054,15.690436400319026,0.0,12.185798579415978,5.874408163373529,-2.0128256210719373,-0.9765679845112482,64.26267786406612,0.0,101.52216376422831,0.16264297838596425,13.526400322139516,-0.19711066239560057,-2.237236149821924,0.014685945874172253
-65,0,1,147,0.033452,57.935334,33.7966292992236,15.886251730206979,0.0,12.118851232662465,5.841948349772902,-1.9896952694555037,-0.9640770637772857,64.26339335668577,0.0,101.97340201228826,0.1560576413164574,13.451998487051318,-0.19660220036378806,-2.210959234251036,0.015712472028946923
-65,0,1,148,0.03345,57.968784,34.20097447971522,16.080965241032136,0.0,12.052688602743498,5.809911758350217,-1.9661481244630954,-0.9513802792140054,64.26394338398259,0.0,102.42213940323235,0.14949027857763422,13.378487876080897,-0.1960595421691188,-2.184217401633318,0.0167323425182796
-65,0,1,149,0.033445,58.002229,34.60306521198272,16.274574203491753,0.0,11.987330164754441,5.778307936942454,-1.9421982530381399,-0.9384849535808115,64.26432447217516,0.0,102.86836638069444,0.14294261447905154,13.3058901807029,-0.19548297122271796,-2.1570265104162525,0.017745259699059813
-65,0,1,150,0.033452,58.035681,35.00307227963236,16.46716260253236,0.0,11.922765933469286,5.747132188234776,-1.9178488509111666,-0.9253925653861153,64.26453331071605,0.0,103.31227325767283,0.13641343489924718,13.234194369085074,-0.194872508622787,-2.1293900807600465,0.018751378099360547
-65,0,1,151,0.033453,58.069134,35.400950318784304,16.658710345094622,0.0,11.859020779840588,5.716396659856976,-1.8931159700696365,-0.9121115201690545,64.26456641869697,0.0,103.75381047305402,0.1299050438905147,13.163428122008087,-0.19422848977806229,-2.101326231012866,0.01975030641334568
-65,0,1,152,0.033452,58.102585999999995,35.796703133503755,16.84922101669729,0.0,11.796111120624738,5.686109384559815,-1.868012914567387,-0.8986487417034237,64.26442046966064,0.0,104.19298303244017,0.12341894837147303,13.0936097176058,-0.19355119820025488,-2.0728499587411515,0.02074177657949532
-65,0,1,153,0.033428,58.136013999999996,36.1900889629494,17.03858000341621,0.0,11.734091469268831,5.656296667277833,-1.8425691682115917,-0.8850198145357732,64.26409250804078,0.0,104.6295234401612,0.11696069112837285,13.024799683538362,-0.1928413885162105,-2.0439946080756983,0.021724907172163306
-65,0,1,154,0.033449,58.169463,36.581666044878446,17.227057769347848,0.0,11.672890028098966,5.626924094325816,-1.816762341190281,-0.8712125451655157,64.26357892837649,0.0,105.0640519562487,0.11052267517383015,12.9569184063288,-0.192098368381139,-2.014734697672977,0.02270081450973588
-65,0,1,155,0.033433,58.202895999999996,36.971029534663145,17.414461196219552,0.0,11.612586091675873,5.598029831541959,-1.7906327077253754,-0.8572482970597506,64.26287714688041,0.0,105.49612010962142,0.10411311811649065,12.890053884980935,-0.1913232178945056,-1.9851158084657694,0.023668209270148257
-65,0,1,156,0.03345,58.236346,37.35859282469502,17.60099099911604,0.0,11.553131193142978,5.569590750867361,-1.7641662747300366,-0.8431194147571374,64.26198343264248,0.0,105.9261874134199,0.09772677703193068,12.824152422831919,-0.19051544319233552,-1.9551219996979559,0.024627837750770695
-65,0,1,157,0.033412,58.269757999999996,37.74362540416624,17.786422722211142,0.0,11.494685766724832,5.541548597283177,-1.732112922692882,-0.8398607684896157,64.26144345630264,0.0,106.35358230537305,0.09137519900242369,12.75933323054619,-0.18967668195469414,-1.924816214392501,0.025577922032727244
-65,0,1,158,0.033421,58.303179,38.12678459215277,17.971248319417278,0.0,11.43724676637764,5.513722819835249,-1.7051377023399938,-0.825283542643143,64.26199071760927,0.0,106.77894269679305,0.08505047512540154,12.695515160576852,-0.18880608186992442,-1.8941695557802247,0.026519601816407445
-65,0,1,159,0.033451,58.33663,38.50838020054804,18.15531764583577,0.0,11.380663846083403,5.486362177369254,-1.6778479914123532,-0.8105584426901336,64.2623292769184,0.0,107.20256638114651,0.07874973473084303,12.632670812457173,-0.18790333395240702,-1.8631754876438567,0.027453245559751847
-65,0,1,160,0.03343,58.370059999999995,38.88786016847138,18.338366134274764,0.0,11.325033142525973,5.459512983886388,-1.6502970785295885,-0.7957140032146715,64.26245605313868,0.0,107.62384126910169,0.07248363919596017,12.570906883810501,-0.1869701021594404,-1.8318944339362704,0.02837721821408668
-65,0,1,161,0.033445,58.403504999999996,39.26566448005472,18.520607743814402,0.0,11.270303615449597,5.433150391969921,-1.6224671762302458,-0.7807404154637484,64.26236887535319,0.0,108.04325657613066,0.06624646609016971,12.510166611470739,-0.1860056972834714,-1.8003060982010606,0.029292309091409587
-65,0,1,162,0.033447,58.436952,39.64167600821214,18.701987696433466,0.0,11.216505965815859,5.407289023550278,-1.594380708525925,-0.7656495499620222,64.2620653734502,0.0,108.46068304539469,0.06004168751692633,12.450483993594501,-0.18501078519145212,-1.7684358456877038,0.030197947213239002
-65,0,1,163,0.033429,58.470380999999996,40.01570260733677,18.882415014227554,0.0,11.163680011674074,5.381947768198667,-1.5660664536093276,-0.7504566526205712,64.26154377573675,0.0,108.87590813316996,0.05387400228451444,12.391903091239845,-0.18398630381159845,-1.7363162345221275,0.03109338983222425
-65,0,1,164,0.033453,58.503834,40.38824541393053,19.062133147852336,0.0,11.11176756909192,5.357098507702689,-1.537500583496357,-0.7351487494127834,64.26080139519041,0.0,109.2894889396423,0.04773667257105849,12.334359289206988,-0.1829312862979827,-1.7039201499130503,0.03197955114643483
-65,0,1,165,0.033425,58.537259,40.75875756874561,19.24087998126674,0.0,11.060856690243599,5.332783151631085,-1.5087393412204833,-0.7197557907507257,64.25983759815269,0.0,109.70081912405925,0.04164022205372262,12.27795008434743,-0.18184771293555085,-1.6713112914234007,0.032854847484623334
-65,0,1,166,0.033427,58.570685999999995,41.127605771489556,19.418834098030114,0.0,11.010907695339398,5.308982446165816,-1.479768962667998,-0.7042702096401329,64.25865010191494,0.0,110.1103065346711,0.035580115546672106,12.222631375989543,-0.18073498736298318,-1.6384739638031256,0.0337198683515825
-65,0,1,167,0.033448,58.604133999999995,41.49503034535154,19.596113132334587,0.0,10.961899933318588,5.285686361921965,-1.4505845720417316,-0.6886892493300129,64.2572364785376,0.0,110.51821872911528,0.02955391398030505,12.168380208238736,-0.17959279618558127,-1.6054025730165136,0.03457488666224349
-65,0,1,168,0.033471,58.63760499999999,41.86108267980232,19.77274357296884,0.0,10.913838754235464,5.262897297360973,-1.4211958643453935,-0.6730179599613831,64.25559483632051,0.0,110.92461351813914,0.023562289011246275,12.11520243868746,-0.17842137103698588,-1.5721080489439838,0.0354197242460845
-65,0,1,169,0.033447,58.671051999999996,42.2252817120802,19.948494951872686,0.0,10.866797563572957,5.240649788232001,-1.3916559358379574,-0.6572844981324012,64.25372629744305,0.0,111.32895756380151,0.01761459734668785,12.063179166269576,-0.1772227215990471,-1.5386504743075569,0.03625298689591616
-65,0,1,170,0.033457,58.704508999999995,42.588031735395134,20.12356400649508,0.0,10.820733491027559,5.218923242966043,-1.3619466889312724,-0.6414790646600567,64.25162808644049,0.0,111.73170045727682,0.011705700960470118,12.012262838517234,-0.1759960175530548,-1.505009279657249,0.03707532013256161
-65,0,1,171,0.033432,58.737941,42.94898752557649,20.297785747552805,0.0,10.775699223543677,5.197742180296651,-1.3321111175177478,-0.6256243789245491,64.24930171392437,0.0,112.13245963986283,0.005842673106090565,11.962511543769082,-0.17474293778649228,-1.471233080244462,0.037885663091501605
-65,0,1,172,0.033426,58.771367,43.308389683796754,20.471277898123343,0.0,10.731672549144507,5.177095764633037,-1.30214426865752,-0.6097176497308907,64.24674552402686,0.0,112.5315029575536,2.3029705132715224e-05,11.913900569475965,-0.17346319172495503,-1.4373161976431859,0.03868428417956066
-65,0,1,173,0.033445,58.804812,43.6665396651668,20.644187595864846,0.0,10.688625496889935,5.156970597778412,-1.27203545407329,-0.593753086252034,64.24395700657323,0.0,112.92916583974163,-0.005756663914742254,11.866398906274355,-0.17215619735409957,-1.4032464821328074,0.03947156586877766
-65,0,1,174,0.033456,58.838268,44.02338353373234,20.81649042439217,0.0,10.646573699253876,5.137373741171582,-1.2418035239813192,-0.5777405857839084,64.2409362479609,0.0,113.32538912683907,-0.011494086073524118,11.820023693684853,-0.17082262980158544,-1.3690452199850718,0.04024709568090715
-65,0,1,175,0.033454,58.871722,44.37881588750869,20.988137078693555,0.0,10.605537493354115,5.118314350651006,-1.2114720005336,-0.5616924993560952,64.23768425775987,0.0,113.7200564966255,-0.01718612171290987,11.774797215680735,-0.16946340199919882,-1.3347389735105049,0.04101035905747411
-65,0,1,176,0.033434,58.905156,44.73268076582693,21.159053778222564,0.0,10.56554115073646,5.099803270752399,-1.1810691121198935,-0.5456236374763879,64.23420314624875,0.0,114.11299546051877,-0.022828899357789312,11.730746030351641,-0.16807968250692967,-1.3003596143015241,0.04176074922637553
-65,0,1,177,0.033448,58.938604,45.08537240668902,21.329432478294315,0.0,10.526546521410754,5.081822445848486,-1.1505757767143374,-0.529523808573727,64.23048977491118,0.0,114.50464447755557,-0.02842733005269764,11.687827941339293,-0.16667048989792269,-1.2658855169997292,0.04249882442352393
-65,0,1,178,0.03345,58.972054,45.43679744149266,21.49922962401693,0.0,10.488570728501475,5.064379421063433,-1.1200146931026882,-0.5134049139157094,64.22654586025955,0.0,114.89490055986958,-0.03397854606353451,11.646061637640885,-0.1652367378582576,-1.2313423063318902,0.0432241025360158
-65,0,1,179,0.03342,59.005474,45.786655432353605,21.668301524546887,0.0,10.45165082416553,5.047490708900032,-1.0894269778221666,-0.49728852991436434,64.22237622668834,0.0,115.2834307311185,-0.03947648634672072,11.605487643042437,-0.16378026102501964,-1.1967764071737168,0.043935697892945276
-65,0,1,180,0.033461,59.038934999999995,46.13572327540436,21.83702513055007,0.0,10.415710489810849,5.031120993049139,-1.0587594367930393,-0.4811465545088979,64.21797288249603,0.0,115.67109843873796,-0.04493201051050892,11.566021904086622,-0.16229839322665743,-1.162127673697967,0.04463490755836222
-65,0,1,181,0.03345,59.072385,46.483491162960554,22.00515554353571,0.0,10.380808174079606,5.015296530650397,-1.0280714889178317,-0.46501020859481296,64.21334356180954,0.0,116.05733818103417,-0.05033579224005942,11.52772843947883,-0.16079385256545756,-1.1274632140300123,0.04532041880179795
-65,0,1,182,0.033418,59.105802999999995,46.829777328710854,22.17260627166705,0.0,10.346964631462098,5.00002610240488,-0.997394256841927,-0.448895755236796,64.20849302607058,0.0,116.44194870361558,-0.05568376955970563,11.490629738517269,-0.15926808142337578,-1.0928181380308168,0.045991619263186935
-65,0,1,183,0.033437,59.13924,47.17514522269039,22.339651188301723,0.0,10.31412804045831,4.985285770821544,-0.9666927337474847,-0.4327847319653567,64.20341564306172,0.0,116.825556446579,-0.06098338311654109,11.454668746754717,-0.15771922471560168,-1.0581528780137206,0.0466493332622426
-65,0,1,184,0.033459,59.172698999999994,47.51965813808761,22.506322390044776,0.0,10.282297374719048,4.971074680358913,-0.9359759681413157,-0.41668185862478535,64.19811240878946,0.0,117.20823237536406,-0.06623427775062966,11.419844163390335,-0.156147570392277,-1.0234776379295458,0.047293386027903436
-65,0,1,185,0.033429,59.206128,47.86281536261619,22.67237901391679,0.0,10.251521372125511,4.957413994795322,-0.905303501454269,-0.4006182911093035,64.19259373049522,0.0,117.589420927876,-0.07142759189268265,11.386209043771371,-0.15455604316131707,-0.988859606362329,0.04792257358754505
-65,0,1,186,0.033449,59.239577,48.20516495057641,22.838087617724373,0.0,10.221752782089135,4.944282105715475,-0.874641260929178,-0.38457613171670835,64.18685376294339,0.0,117.9697315024658,-0.07657041286672608,11.353711463356126,-0.15294275367250632,-0.954260303685087,0.04853763523703935
-65,0,1,187,0.033449,59.273025999999994,48.546535590384586,23.00336666512809,0.0,10.193009170608573,4.931686206314268,-0.8440194201335645,-0.36857114124047696,64.18089827674316,0.0,118.34897441173557,-0.08165892957844238,11.32237034966048,-0.1513091365056464,-0.9197137662596508,0.049137981969783404
-65,0,1,188,0.033454,59.30647999999999,48.887012358318955,23.168258679556402,0.0,10.165284921488793,4.919623187563932,-0.8134452305931794,-0.3526070793194526,64.17472909119917,0.0,118.72724476724727,-0.08669321863576827,11.29217928888502,-0.14965543872610626,-0.8852281613497213,0.049723491890747436
-65,0,1,189,0.033457,59.339937,49.22660877899991,23.33277152620396,0.0,10.138580114032246,4.908092410134068,-0.7829323622100934,-0.33669106129525583,64.16834947885506,0.0,119.1045581838657,-0.09167230400554763,11.263138065710919,-0.14798225501546253,-0.8508188976811918,0.05029391624530332
-65,0,1,190,0.03345,59.373386999999994,49.565257651174036,23.49687391544821,0.0,10.112900206536299,4.8970954673794695,-0.7525017438468687,-0.320833979160215,64.16176458301963,0.0,119.48084056321339,-0.09659406923025304,11.235252274191195,-0.14629059871381234,-0.8165095655242249,0.050848878911016915
-65,0,1,191,0.033454,59.406841,49.90310451230511,23.660637613448067,0.0,10.088233881145523,4.886626708345103,-0.7221551794824534,-0.3050367549034729,64.15497568249125,0.0,119.85625417212286,-0.10145951928918757,11.208509264208395,-0.14458043283492059,-0.7823021906999799,0.051388356092957437
-65,0,1,192,0.033453,59.440293999999994,50.24013271083848,23.82405577755682,0.0,10.064581829917246,4.876685600292733,-0.6919090375039978,-0.2893079016608179,64.14798739554662,0.0,120.23078105775518,-0.10626731565311409,11.182909416098301,-0.14285253425414524,-0.7482152206288238,0.05191205671680299
-65,0,1,193,0.033448,59.473741999999994,50.576336001279344,23.987126560732037,0.0,10.041943082467839,4.867270816509899,-0.6617787257116151,-0.2736554239678129,64.14080445280946,0.0,120.60441480871012,-0.11101631301941846,11.158451268223304,-0.1411076449323111,-0.7142660161033301,0.0524197141044415
-65,0,1,194,0.033446,59.507188,50.91177848405435,24.149882205029904,0.0,10.020311371147312,4.858378769483927,-0.6317733219207146,-0.25808403517654277,64.13343031946592,0.0,120.9772271773366,-0.11570638766564458,11.135127610075468,-0.13934615118924495,-0.6804648043769842,0.052911170552051974
-65,0,1,195,0.033445,59.540633,51.24650384782951,24.312345040384653,0.0,9.999681599179384,4.8500063398053594,-0.6019037258560528,-0.2425993983602515,64.12586905163946,0.0,121.34926722649445,-0.1203371379873054,11.112932487693078,-0.13756854689451148,-0.6468238669880483,0.053386234713608205
-65,0,1,196,0.033432,59.574065,51.58042582098173,24.474474269576767,0.0,9.980055833650555,4.842153219084006,-0.5721923744976448,-0.22721314987200097,64.11812792622608,0.0,121.72043954884357,-0.12490640863599531,11.091867611422341,-0.13577603083066697,-0.6133684759670077,0.053844538361067604
-65,0,1,197,0.033446,59.607510999999995,51.91384728535688,24.636418035439643,0.0,9.96141316610248,4.834809895335006,-0.5426270889573775,-0.21191900499616328,64.11020532524746,0.0,122.0910812995888,-0.12941737443452012,11.071910026810585,-0.133967712678683,-0.5800849276473196,0.05428624273278326
-65,0,1,198,0.033455,59.640966,52.246750815208074,24.798168987042967,0.0,9.94375190415032,4.827974595122944,-0.513224270792762,-0.19672549328075986,64.10210708308884,0.0,122.46117360604916,-0.1338688046333986,11.053057426642324,-0.13214441264249407,-0.5469917064546858,0.05471105617656008
-65,0,1,199,0.033442,59.674408,52.57895047959811,24.95963779682217,0.0,9.927077589667574,4.821648117183749,-0.4840150388371075,-0.18164872642576846,64.09384357112147,0.0,122.83051022025403,-0.13825730780057346,11.035315124057385,-0.13030790448802643,-0.5141238510733923,0.0551184941615632
-65,0,1,200,0.033445,59.707853,52.91063814505737,25.12091868889385,0.0,9.911375515419326,4.815823397879848,-0.45499714985508793,-0.16668758008085166,64.08541610226536,0.0,123.1993048900838,-0.1425845552397103,11.018666805764754,-0.1284578948865945,-0.48147885228241627,0.055508551132316564
-65,0,1,201,0.033452,59.741305,53.24188570287055,25.28204760909647,0.0,9.896637552883123,4.810495949471822,-0.4261790376091004,-0.15184645797481408,64.07682895806069,0.0,123.5676379925082,-0.14685060039604617,11.003103194285963,-0.12659474284223401,-0.4490662228203447,0.0558810576490354
-65,0,1,202,0.033434,59.774739,53.572478059011985,25.442920828117334,0.0,9.882867162235698,4.8056652890544065,-0.39759394559051603,-0.1371425264185442,64.06809415529851,0.0,123.93527075475426,-0.1510518693252051,10.988627167609025,-0.1247204398000353,-0.4169233733197665,0.05623553590351352
-65,0,1,203,0.033427,59.808166,53.90255645666467,25.60360790414999,0.0,9.870051270604177,4.80132485313305,-0.36924402434802234,-0.12257693373130073,64.05921466371437,0.0,124.30236061526567,-0.1551894181889281,10.97522409779727,-0.12283498198124186,-0.3850527408152844,0.05657191455769707
-65,0,1,204,0.03341,59.841575999999996,54.2320542729005,25.764077198811002,0.0,9.85818483682566,4.797470794139408,-0.341149292292024,-0.10816001461004064,64.05019911077935,0.0,124.6688338365835,-0.1592617013467409,10.962887754719226,-0.12093955129401954,-0.3534768519669105,0.05688990470062985
-65,0,1,205,0.033435,59.875011,54.56141697667032,25.924546515651887,0.0,9.847245030598533,4.794093612842802,-0.3132863122340993,-0.09387982433507336,64.04104207108527,0.0,125.03518625990696,-0.16327345993498762,10.95159347105704,-0.11903237395133205,-0.3221694022957926,0.05718969166477651
-65,0,1,206,0.033444,59.908455,54.890517521880355,26.084954856105036,0.0,9.83722986023095,4.791190619505836,-0.28568060907584925,-0.07974955547464654,64.03175381766059,0.0,125.40127697390422,-0.167222341986237,10.941338261835044,-0.11711496729563606,-0.29115912166077473,0.05747089578641654
-65,0,1,207,0.033419,59.941874,55.219052414368036,26.245155009721174,0.0,9.828139801256784,4.7887591863678205,-0.25837185264938173,-0.0657895911252815,64.02235010062655,0.0,125.76676869341163,-0.17110406480467963,10.93212137609566,-0.11518991441202527,-0.26049060707353644,0.057733036695258
-65,0,1,208,0.033457,59.975331,55.54767137105949,26.405464562910932,0.0,9.819948803396855,4.786789552248839,-0.2313205365011098,-0.051979845444658446,64.01281946155787,0.0,126.13238456737493,-0.17492561513646598,10.923915149865927,-0.11325421574344055,-0.23011954063369533,0.057976389359798874
-65,0,1,209,0.033449,60.008779999999994,55.8759524339542,26.565678462622103,0.0,9.812659504427378,4.785279391878081,-0.20457605817680888,-0.03834566795158518,64.00318129710264,0.0,126.49765548621254,-0.17868137970146517,10.916720901127283,-0.11131116319921343,-0.20010144103397454,0.05820038526234543
-65,0,1,210,0.033434,60.042213999999994,56.2038570639535,26.72577849145124,0.0,9.806262266105996,4.784222688207324,-0.1781555139651981,-0.02489586929817593,63.99344428108583,0.0,126.8625388330735,-0.1823703890012461,10.910527317886956,-0.10936181991201119,-0.17045553973692096,0.058404789303220045
-65,0,1,211,0.033456,60.075669999999995,56.53177763458412,26.885956876329526,0.0,9.800739649171874,4.78361234452028,-0.152041581416734,-0.011621760662561983,63.98360424370838,0.0,127.22747152154618,-0.185996476289636,10.905315628982148,-0.10740468227285656,-0.14116245752610457,0.058589613284521225
-65,0,1,212,0.033442,60.109111999999996,56.85939041245532,27.046056101663872,0.0,9.796086881327184,4.783442905370735,-0.12627429016559644,0.001456171174089998,63.97367845499125,0.0,127.5920935552449,-0.1895555096627165,10.90107912507571,-0.10544251652333421,-0.11226715954393796,0.05875444305294209
-65,0,1,213,0.033455,60.142567,57.186988744463775,27.20622007495113,0.0,9.792288735299636,4.783707732605363,-0.10084464221206076,0.01434235290163394,63.963665697292804,0.0,127.95673166727642,-0.1930501810316982,10.897801218282837,-0.10347440870855179,-0.08375961818831712,0.058899204254473335
-65,0,1,214,0.033459,60.176026,57.514512850174924,27.36642014480484,0.0,9.789335053638,4.784400396366632,-0.07577156919917177,0.027027024951224488,63.95357545853437,0.0,128.32131957585895,-0.19647933813481916,10.895469947558086,-0.10150156155190249,-0.05566113085729163,0.059023634188896563
-65,0,1,215,0.033456,60.209481999999994,57.841922259611124,27.526637003889178,0.0,9.787214263693135,4.785513875272537,-0.05107215924476567,0.03950138127756149,63.94341675825426,0.0,128.6858124496045,-0.19984212134614796,10.894071821589147,-0.09952507182455773,-0.027990919630539013,0.05912749748855787
-65,0,1,216,0.033446,60.242928,58.16917614357586,27.686851077325066,0.0,9.785913707196075,4.787040594046883,-0.02676318336037097,0.05175679433294079,63.93319871522295,0.0,129.05016501612857,-0.2031377493959846,10.893592130359576,-0.09754604609448775,-0.0007678431245932149,0.05921057609981384
-65,0,1,217,0.033433,60.276360999999994,58.4962723772177,27.84706165908116,0.0,9.785419656317856,4.788972694083352,-0.002858234902132936,0.06378625358857988,63.922929292249854,0.0,129.41437505937262,-0.20636590203706884,10.894015080606419,-0.09556536217551634,0.025992805346991554,0.05927267587925784
-65,0,1,218,0.033449,60.30981,58.82352142182863,28.007421194759747,0.0,9.785718390796227,4.791304402279686,0.020651554917334093,0.0755940278522175,63.91260658650204,0.0,129.7787884383651,-0.20952930101640937,10.895325819240924,-0.09358200603897981,0.05230086718179594,0.059313639683275424
-65,0,1,219,0.033408,60.343218,59.15039185416252,28.1676695264621,0.0,9.786794744880012,4.794023604813736,0.043714788940205404,0.08715412698962663,63.90225526008835,0.0,130.14281349100094,-0.21262258422437322,10.897505362660734,-0.09160006933873074,0.07809874892278068,0.05933321364914499
-65,0,1,220,0.033449,60.376667,59.47771178045933,28.328212931094075,0.0,9.788637178728786,4.797129066713215,0.06637626935714916,0.09848879338262782,63.891856942664,0.0,130.50737258572883,-0.21565332224538,10.900542838713884,-0.08961540525890364,0.10343646927449468,0.0593312377549141
-65,0,1,221,0.033443,60.410109999999996,59.805046679947125,28.488838662586367,0.0,9.791229723321125,4.800608908924746,0.08859166887585936,0.1095755907784867,63.88143323221015,0.0,130.871981935222,-0.21861715460935405,10.9044186505637,-0.08763152705062088,0.12826434751395177,0.059307472785277204
-65,0,1,222,0.033442,60.443552,60.13247030814511,28.649583111589212,0.0,9.794557552046934,4.804455210627759,0.11035263515140756,0.12041011934541392,63.87098961495036,0.0,131.2367237825069,-0.22151457186576082,10.909115994540487,-0.08564887009612804,0.15257294550511102,0.05926171386010856
-65,0,1,223,0.033445,60.476997,60.46004617083765,28.810477645761747,0.0,9.798605754011552,4.808659935544293,0.13164991677671828,0.13098751749845514,63.860531862468704,0.0,131.60166895668186,-0.22434596582873895,10.9146179399308,-0.08366793649808507,0.17635181447623127,0.059193745348483436
-65,0,1,224,0.033447,60.510444,60.78778831822373,28.971529328171464,0.0,9.803358596903342,4.8132143023385074,0.15247095686351322,0.14130127529128658,63.85006728654452,0.0,131.96683318334584,-0.22711131302943455,10.920906488018835,-0.08168953214932423,0.19958681203018935,0.05910335608205017
-65,0,1,225,0.033413,60.543856999999996,61.11536702282863,29.13257612974964,0.0,9.808793815537248,4.818103982629756,0.17278223546206717,0.15133454616589423,63.83961411993519,0.0,132.33184908545059,-0.2298078329799605,10.927955315486889,-0.0797165345228758,0.22224042355263673,0.058990467659606284
