id,agent_type,type,sim_state,tick_count,sim_time,delta_time,x,x_vel,x_acc,y,y_vel,y_acc,s,s_vel,s_acc,d,d_vel,d_acc,yaw
-267,pedestrian,4,1,1,271.004067,0.0,-1.5416469264610326,0.8366691859272409,0.5110052477452517,-18.393241749039998,1.0342465000089558,-4.663016237633191,0.0,0.0,0.0,0.0,0.0,0.0,0.0
-267,pedestrian,4,1,2,271.03758500000004,0.033518,-1.5134106891555492,0.8470871191645029,0.3125379971178582,-18.363792699308444,0.883471491946598,-4.523250241870731,0.0,0.0,0.0,0.0,0.0,0.0,0.0
-267,pedestrian,4,1,3,271.07103700000005,0.033452,-1.4851274443525602,0.8484973440896715,0.04230674775505861,-18.33921668678024,0.7372803758461121,-4.3857334830145795,0.0,0.0,0.0,0.0,0.0,0.0,0.0
-267,pedestrian,4,1,4,271.10449800000004,0.033461,-1.4570649768902704,0.8418740238686946,-0.19869960662930633,-18.319331596992193,0.596552693641432,-4.221830466140402,0.0,0.0,0.0,0.0,0.0,0.0,0.0
-267,pedestrian,4,1,5,271.13802100000004,0.033523,-1.4294603472846363,0.8281388881690214,-0.41205407099019503,-18.30393643128503,0.4618549712148845,-4.040931672796427,0.0,0.0,0.0,0.0,0.0,0.0,0.0
-267,pedestrian,4,1,6,271.171486,0.033465,-1.4025187082561266,0.8082491708552941,-0.5966915194118168,-18.29281731958221,0.3335733510846734,-3.848448603906333,0.0,0.0,0.0,0.0,0.0,0.0,0.0
-267,pedestrian,4,1,7,271.20496,0.033474,-1.3764178661176782,0.7830252641534489,-0.7567172010553592,-18.285754126924832,0.21189577972127793,-3.6503271409018643,0.0,0.0,0.0,0.0,0.0,0.0,0.0
-267,pedestrian,4,1,8,271.23843500000004,0.033475,-1.3513117316069114,0.7531840353230033,-0.8952368649133696,-18.282525724081985,0.09685208528536171,-3.451310833077487,0.0,0.0,0.0,0.0,0.0,0.0,0.0
-267,pedestrian,4,1,9,271.271908,0.033473,-1.3273337532900829,0.7193393495048559,-1.0153405745444202,-18.28291117769582,-0.011563608415043017,-3.252470811012142,0.0,0.0,0.0,0.0,0.0,0.0,0.0
-267,pedestrian,4,1,10,271.30536900000004,0.033461,-1.3045985342117112,0.6820565723511514,-1.1184833146111355,-18.28669270672664,-0.11344587092465415,-3.056467875288334,0.0,0.0,0.0,0.0,0.0,0.0,0.0
-267,pedestrian,4,1,11,271.33882700000004,0.033458,-1.283205418423429,0.6417934736484681,-1.2078929610804983,-18.293657626557746,-0.20894759493319295,-2.8650517202561643,0.0,0.0,0.0,0.0,0.0,0.0,0.0
-267,pedestrian,4,1,12,271.37229,0.033463,-1.2632416631855412,0.5989126571366337,-1.2864244953550321,-18.30359787079844,-0.29820732722090587,-2.6777919686313876,0.0,0.0,0.0,0.0,0.0,0.0,0.0
-267,pedestrian,4,1,13,271.405757,0.033467,-1.2447829254099099,0.5537621332689434,-1.3545157160307064,-18.31631031479494,-0.38137331989496326,-2.494979780221721,0.0,0.0,0.0,0.0,0.0,0.0,0.0
-267,pedestrian,4,1,14,271.439234,0.033477,-1.2278946282423806,0.5066489150258795,-1.413396547291916,-18.331596723048996,-0.45859224762173323,-2.316567831803099,0.0,0.0,0.0,0.0,0.0,0.0,0.0
-267,pedestrian,4,1,15,271.472707,0.033473,-1.212633093462321,0.45784604340178653,-1.4640861487227896,-18.349261862300935,-0.5299541775581262,-2.1408578980917903,0.0,0.0,0.0,0.0,0.0,0.0,0.0
-267,pedestrian,4,1,16,271.506167,0.03346,-1.1990481452221797,0.40754844720424305,-1.5089278859263051,-18.369115373395566,-0.5956053328389763,-1.9695346584255033,0.0,0.0,0.0,0.0,0.0,0.0,0.0
-267,pedestrian,4,1,17,271.539626,0.033459,-1.1871857914282695,0.35587061381730756,-1.5503350016080655,-18.39097244324277,-0.6557120954161739,-1.8032028773159279,0.0,0.0,0.0,0.0,0.0,0.0,0.0
-267,pedestrian,4,1,18,271.573094,0.033468,-1.1770895021424241,0.3028886785753643,-1.5894580572582993,-18.41465111428004,-0.7103601311180767,-1.6394410710570833,0.0,0.0,0.0,0.0,0.0,0.0,0.0
-267,pedestrian,4,1,19,271.60656400000005,0.03347,-1.168807941764115,0.2484468113492702,-1.6332560167828218,-18.439974378623983,-0.7596979303182858,-1.480133976006274,0.0,0.0,0.0,0.0,0.0,0.0,0.0
-267,pedestrian,4,1,20,271.640032,0.033468,-1.1623912488064245,0.1925007887307129,-1.6783806785567192,-18.466765344007978,-0.8037289615198057,-1.3209309360455956,0.0,0.0,0.0,0.0,0.0,0.0,0.0
-267,pedestrian,4,1,21,271.673499,0.033467,-1.1578941884824796,0.1349118097183495,-1.7276693703709018,-18.494843913135178,-0.8423570738159575,-1.1588433688845534,0.0,0.0,0.0,0.0,0.0,0.0,0.0
-267,pedestrian,4,1,22,271.706974,0.033475,-1.155378275695466,0.07547738361040449,-1.7830327832383508,-18.52402417075263,-0.8754077285235476,-0.9915196412277065,0.0,0.0,0.0,0.0,0.0,0.0,0.0
-267,pedestrian,4,1,23,271.740443,0.033469,-1.1549153772822907,0.013886952395259701,-1.8477129364543436,-18.554108346117378,-0.9025252609425067,-0.8135259725687712,0.0,0.0,0.0,0.0,0.0,0.0,0.0
-267,pedestrian,4,1,24,271.77391600000004,0.033473,-1.1565894455854453,-0.050222049094640224,-1.9232700446969977,-18.584878038280856,-0.9230907649043795,-0.6169651188561814,0.0,0.0,0.0,0.0,0.0,0.0,0.0
-267,pedestrian,4,1,25,271.80741900000004,0.033503,-1.1604995093721318,-0.1173019136005945,-2.0123959351786285,-18.616082713802395,-0.9361402656461775,-0.3914850222539399,0.0,0.0,0.0,0.0,0.0,0.0,0.0
-267,pedestrian,4,1,26,271.840869,0.03345,-1.1667618383353286,-0.18786986889591012,-2.117038658859469,-18.647419181012083,-0.9400940162905922,-0.11861251933244264,0.0,0.0,0.0,0.0,0.0,0.0,0.0
-267,pedestrian,4,1,27,271.874323,0.033454,-1.175505813307076,-0.26231924915242016,-2.233481407695301,-18.67850149021875,-0.9324692762000322,0.22874220271679935,0.0,0.0,0.0,0.0,0.0,0.0,0.0
-267,pedestrian,4,1,28,271.907756,0.033433,-1.1868546499787451,-0.3404651001500786,-2.344375529929752,-18.7088099495831,-0.9092537809304768,0.6964648580866616,0.0,0.0,0.0,0.0,0.0,0.0,0.0
-267,pedestrian,4,1,29,271.941231,0.033475,-1.2008650167759494,-0.4203110039161293,-2.3953771129815222,-18.737629047141887,-0.864572926763599,1.340425625006335,0.0,0.0,0.0,0.0,0.0,0.0,0.0
-267,pedestrian,4,1,30,271.97470500000003,0.033474,-1.2173868981392924,-0.4956564409002904,-2.2603631095248313,-18.76401674904284,-0.7916310570285642,2.1882560920510445,0.0,0.0,0.0,0.0,0.0,0.0,0.0
-267,pedestrian,4,1,31,272.00817900000004,0.033474,-1.2304700809964424,-0.39249548571450366,3.0948286555736013,-18.791165698033605,-0.8144684697229846,-0.6851223808326139,0.0,0.0,0.0,0.0,0.0,0.0,0.0
-267,pedestrian,4,1,32,272.041604,0.033425,-1.240315056988714,-0.2953492797681523,2.9143861783905405,-18.818997982335446,-0.834968529055271,-0.6150017799685915,0.0,0.0,0.0,0.0,0.0,0.0,0.0
-267,pedestrian,4,1,33,272.075033,0.033429,-1.2471112032427933,-0.20388438762237926,2.743946764373191,-18.847441501106587,-0.8533055631342279,-0.5501110223687072,0.0,0.0,0.0,0.0,0.0,0.0,0.0
-267,pedestrian,4,1,34,272.108489,0.033456,-1.2510369258734806,-0.1177716789206196,2.5833812610527898,-18.87643040450799,-0.8696671020420824,-0.49084616723563623,0.0,0.0,0.0,0.0,0.0,0.0,0.0
-267,pedestrian,4,1,35,272.141973,0.033484,-1.2522598490389978,-0.03668769496551841,2.4325195186530357,-18.905904515919893,-0.8842233423571261,-0.43668720945131045,0.0,0.0,0.0,0.0,0.0,0.0,0.0
-267,pedestrian,4,1,36,272.17542000000003,0.033447,-1.2509381963638142,0.039649580255508785,2.290118256630816,-18.93580883365068,-0.8971295319235284,-0.3871856869920683,0.0,0.0,0.0,0.0,0.0,0.0,0.0
-267,pedestrian,4,1,37,272.208887,0.033467,-1.2472204749552211,0.11153164225779442,2.1564618600685694,-18.96609311245629,-0.9085283641683073,-0.3419649673433656,0.0,0.0,0.0,0.0,0.0,0.0,0.0
-267,pedestrian,4,1,38,272.242362,0.033475,-1.2412466934186048,0.17921344609849055,2.0304541152208837,-18.99671211072572,-0.9185699480829583,-0.3012475174395328,0.0,0.0,0.0,0.0,0.0,0.0,0.0
-267,pedestrian,4,1,39,272.275837,0.033475,-1.233148265388308,0.24295284090890734,1.9121818443125034,-19.027623655144883,-0.927346332574863,-0.2632915347571389,0.0,0.0,0.0,0.0,0.0,0.0,0.0
-267,pedestrian,4,1,40,272.309299,0.033462,-1.2230491146548979,0.3029745220023039,1.8006504328018977,-19.058789284514177,-0.9349688810788137,-0.2286764551185227,0.0,0.0,0.0,0.0,0.0,0.0,0.0
-267,pedestrian,4,1,41,272.342757,0.033458,-1.211065430143137,0.35951053535282673,1.6960804005156853,-19.09017371978508,-0.9415330581271356,-0.1969253114496556,0.0,0.0,0.0,0.0,0.0,0.0,0.0
-267,pedestrian,4,1,42,272.37622100000004,0.033464,-1.1973067492031795,0.4127604281987215,1.5974967853768425,-19.121744836076918,-0.9471334887551325,-0.16801291883990446,0.0,0.0,0.0,0.0,0.0,0.0,0.0
-267,pedestrian,4,1,43,272.409689,0.033468,-1.1818757287031756,0.46293061500011723,1.5051056040418729,-19.153473135388882,-0.9518489793589441,-0.14146471811434758,0.0,0.0,0.0,0.0,0.0,0.0,0.0
-267,pedestrian,4,1,44,272.44315700000004,0.033468,-1.1648691011852859,0.5101988255366916,1.4180463160972296,-19.185331894832668,-0.955762783313574,-0.11741411863889627,0.0,0.0,0.0,0.0,0.0,0.0,0.0
-267,pedestrian,4,1,45,272.47666100000004,0.033504,-1.1463773346091333,0.5547529972845746,1.3366251524364905,-19.217297059963414,-0.9589549539223794,-0.09576511826416025,0.0,0.0,0.0,0.0,0.0,0.0,0.0
-267,pedestrian,4,1,46,272.510132,0.033471,-1.1264858640509752,0.5967441167447425,1.259733583805037,-19.249346210594187,-0.9614745189231957,-0.07558695002448736,0.0,0.0,0.0,0.0,0.0,0.0,0.0
-267,pedestrian,4,1,47,272.54361700000004,0.033485,-1.1052747024929839,0.6363348467397419,1.1877218998499843,-19.281458712193263,-0.9633750479722561,-0.057015871471814215,0.0,0.0,0.0,0.0,0.0,0.0,0.0
-267,pedestrian,4,1,48,272.57710000000003,0.033483,-1.0828192419602825,0.6736638159810441,1.1198690772390631,-19.313615880061807,-0.9647150360563225,-0.04019964252199009,0.0,0.0,0.0,0.0,0.0,0.0,0.0
-267,pedestrian,4,1,49,272.61055000000005,0.03345,-1.059190022873906,0.708876572591293,1.056382698307469,-19.345800463012925,-0.9655374885335735,-0.024673574317528233,0.0,0.0,0.0,0.0,0.0,0.0,0.0
-267,pedestrian,4,1,50,272.644017,0.033467,-1.034453341409031,0.7421004439462527,0.9967161406487938,-19.377996737449596,-0.9658882331001601,-0.010522336997600377,0.0,0.0,0.0,0.0,0.0,0.0,0.0
-267,pedestrian,4,1,51,272.67749200000003,0.033475,-1.008671658469462,0.7734504881870654,0.9405013272243795,-19.41019050810601,-0.9658131196923777,0.0022534022334745395,0.0,0.0,0.0,0.0,0.0,0.0,0.0
-267,pedestrian,4,1,52,272.71096600000004,0.033474,-0.9819034093181049,0.8030474745407106,0.8879095906093545,-19.442368661670024,-0.9653446069204887,0.014055383156669194,0.0,0.0,0.0,0.0,0.0,0.0,0.0
-267,pedestrian,4,1,53,272.744428,0.033462,-0.9542036082067513,0.8309940333406087,0.8383967639969444,-19.47451947047546,-0.9645242641631159,0.024610282721185976,0.0,0.0,0.0,0.0,0.0,0.0,0.0
-267,pedestrian,4,1,54,272.777888,0.03346,-0.9256235470957788,0.8574018333291767,0.7922339996570389,-19.50663246620128,-0.9633898717746264,0.03403177165468317,0.0,0.0,0.0,0.0,0.0,0.0,0.0
-267,pedestrian,4,1,55,272.811352,0.033464,-0.8962117261874826,0.882354627248885,0.7485838175912475,-19.538697741209624,-0.9619582502502632,0.04294864573089938,0.0,0.0,0.0,0.0,0.0,0.0,0.0
-267,pedestrian,4,1,56,272.84481900000003,0.033467,-0.866013430156185,0.9059488809389268,0.707827610701254,-19.570706044927572,-0.9602491115383963,0.051274161356004405,0.0,0.0,0.0,0.0,0.0,0.0,0.0
-267,pedestrian,4,1,57,272.878288,0.033469,-0.8350711798918684,0.9282675079294996,0.6695588097171841,-19.602648939135406,-0.9582868262350537,0.05886855910027854,0.0,0.0,0.0,0.0,0.0,0.0,0.0
-267,pedestrian,4,1,58,272.911763,0.033475,-0.8034250115567413,0.9493850500538142,0.6335262637294368,-19.634518822526154,-0.9560965017224671,0.06570973537759982,0.0,0.0,0.0,0.0,0.0,0.0,0.0
-267,pedestrian,4,1,59,272.94523200000003,0.033469,-0.7711122903602536,0.9693816358946307,0.599897575224492,-19.666308562032903,-0.9536921852025178,0.07212949559847977,0.0,0.0,0.0,0.0,0.0,0.0,0.0
-267,pedestrian,4,1,60,272.978699,0.033467,-0.7381681850809615,0.9883231583787653,0.5682456745240383,-19.698011710755587,-0.9510944616805153,0.07793170566007324,0.0,0.0,0.0,0.0,0.0,0.0,0.0
-267,pedestrian,4,1,61,273.01216700000003,0.033468,-0.7046254784216711,1.0062811997787104,0.538741241998354,-19.729622159575015,-0.9483134645828232,0.0834299129307632,0.0,0.0,0.0,0.0,0.0,0.0,0.0
-267,pedestrian,4,1,62,273.045634,0.033467,-0.6705150051163465,1.0233141991597383,0.5109899814308391,-19.76113435069717,-0.945365733664594,0.08843192754687669,0.0,0.0,0.0,0.0,0.0,0.0,0.0
-267,pedestrian,4,1,63,273.07910200000003,0.033468,-0.6358654180340545,1.0394876124687629,0.4852023992707341,-19.792542908568592,-0.9422567361426403,0.09326992565861257,0.0,0.0,0.0,0.0,0.0,0.0,0.0
-267,pedestrian,4,1,64,273.112569,0.033467,-0.600703502661414,1.054857461179214,0.46109546131353407,-19.82384289765508,-0.9389996725945963,0.09771190644132069,0.0,0.0,0.0,0.0,0.0,0.0,0.0
-267,pedestrian,4,1,65,273.146041,0.033472,-0.5650542853990538,1.0694765178708079,0.43857170074781326,-19.85503005203025,-0.9356146312551645,0.10155124018295138,0.0,0.0,0.0,0.0,0.0,0.0,0.0
-267,pedestrian,4,1,66,273.179509,0.033468,-0.5289410835039777,1.0833960568522825,0.4175861694442372,-19.88609967050643,-0.9320885542853719,0.10578230909377905,0.0,0.0,0.0,0.0,0.0,0.0,0.0
-267,pedestrian,4,1,67,273.212978,0.033469,-0.49238564356368136,1.0966631982088906,0.39801424069824287,-19.917047211750248,-0.9284262373145843,0.10986950912362684,0.0,0.0,0.0,0.0,0.0,0.0,0.0
-267,pedestrian,4,1,68,273.24644800000004,0.03347,-0.4554082979069426,1.1093203697021634,0.37971514479818563,-19.947868290547316,-0.924632363912001,0.11381620207749889,0.0,0.0,0.0,0.0,0.0,0.0,0.0
-267,pedestrian,4,1,69,273.279917,0.033469,-0.41802776242482287,1.1214160644635909,0.3628708428428223,-19.978558386669814,-0.9207028836749903,0.11788440711032032,0.0,0.0,0.0,0.0,0.0,0.0,0.0
-267,pedestrian,4,1,70,273.31338400000004,0.033467,-0.3802614396689134,1.132989682677284,0.3472085464107938,-20.00911298384783,-0.9166379153405482,0.12194905003326588,0.0,0.0,0.0,0.0,0.0,0.0,0.0
-267,pedestrian,4,1,71,273.346852,0.033468,-0.34212516875258386,1.1440881274898862,0.3329533443780657,-20.039527236364403,-0.9124275754971248,0.1263101953026996,0.0,0.0,0.0,0.0,0.0,0.0,0.0
-267,pedestrian,4,1,72,273.38032100000004,0.033469,-0.303633473967715,1.154750843546065,0.31988148168536,-20.069796045424678,-0.9080642718082383,0.13089911066659543,0.0,0.0,0.0,0.0,0.0,0.0,0.0
-267,pedestrian,4,1,73,273.413804,0.033483,-0.26479963370720605,1.1650152078152687,0.30793092807611416,-20.099913993124286,-0.9035384309882583,0.13577522459940197,0.0,0.0,0.0,0.0,0.0,0.0,0.0
-267,pedestrian,4,1,74,273.447286,0.033482,-0.2256355235107146,1.174923305894744,0.2972429423842585,-20.129874848089614,-0.8988256489597856,0.14138346085418022,0.0,0.0,0.0,0.0,0.0,0.0,0.0
-267,pedestrian,4,1,75,273.480749,0.033463,-0.18615141552659206,1.1845232395236756,0.28799800886794774,-20.159671917050957,-0.8939120688403189,0.14740740358400056,0.0,0.0,0.0,0.0,0.0,0.0,0.0
-267,pedestrian,4,1,76,273.514221,0.033472,-0.14635635784819434,1.1938517303519314,0.2798547248476723,-20.18929745686678,-0.8887661944746984,0.15437623096861489,0.0,0.0,0.0,0.0,0.0,0.0,0.0
-267,pedestrian,4,1,77,273.547683,0.033462,-0.10625767284192869,1.2029605501879692,0.27326459508113493,-20.218742279139896,-0.883344668193507,0.1626457884357419,0.0,0.0,0.0,0.0,0.0,0.0,0.0
-267,pedestrian,4,1,78,273.58115100000003,0.033468,-0.06586098618135328,1.2119005998172627,0.26820148887880213,-20.247995451101403,-0.877595158845158,0.17248528045046696,0.0,0.0,0.0,0.0,0.0,0.0,0.0
-267,pedestrian,4,1,79,273.614618,0.033467,-0.025170010454491368,1.2207292718058573,0.26486015965783605,-20.277043674789663,-0.8714467106478377,0.1844534459196079,0.0,0.0,0.0,0.0,0.0,0.0,0.0
-267,pedestrian,4,1,80,273.648092,0.033474,0.015814120584282373,1.2295239311632122,0.2638397807206482,-20.3058701425775,-0.8647940336351269,0.19958031038132815,0.0,0.0,0.0,0.0,0.0,0.0,0.0
-267,pedestrian,4,1,81,273.68156700000003,0.033475,0.057093345377766176,1.2383767438045141,0.2655843792390541,-20.334453257394134,-0.8574934444990306,0.2190176740828849,0.0,0.0,0.0,0.0,0.0,0.0,0.0
-267,pedestrian,4,1,82,273.715025,0.033458,0.09867373244170977,1.2474116119183076,0.2710460434138069,-20.362764218114666,-0.8493288216160088,0.24493868649065523,0.0,0.0,0.0,0.0,0.0,0.0,0.0
-267,pedestrian,4,1,83,273.748487,0.033462,0.1405674416349785,1.256811275798062,0.28198991639263277,-20.390761704577553,-0.8399245938865578,0.2821268318835278,0.0,0.0,0.0,0.0,0.0,0.0,0.0
-267,pedestrian,4,1,84,273.78191200000003,0.033425,0.1827961545532919,1.2668613875494024,0.3015033525402073,-20.418383144499824,-0.8286431976681555,0.3384418865520676,0.0,0.0,0.0,0.0,0.0,0.0,0.0
-267,pedestrian,4,1,85,273.815381,0.033469,0.22539815254924808,1.2780599398786852,0.3359565698784862,-20.445523325795033,-0.8142054388562703,0.4331327643565586,0.0,0.0,0.0,0.0,0.0,0.0,0.0
-267,pedestrian,4,1,86,273.84884900000003,0.033468,0.2684444553337063,1.2913890835337474,0.39987430965186566,-20.47197106318024,-0.7934321215562103,0.6231995190017994,0.0,0.0,0.0,0.0,0.0,0.0,0.0
-267,pedestrian,4,1,87,273.882317,0.033468,0.31206566768171906,1.3086363704403823,0.5174186071990501,-20.4971187322785,-0.7544300729478298,1.1700614582514153,0.0,0.0,0.0,0.0,0.0,0.0,0.0
-267,pedestrian,4,1,88,273.91578400000003,0.033467,0.35471986751759116,1.2796259950761633,-0.8703112609265716,-20.52344858515776,-0.7898955863777473,-1.063965402897525,0.0,0.0,0.0,0.0,0.0,0.0,0.0
-267,pedestrian,4,1,89,273.949255,0.033471,0.3964700231824881,1.2525046699469085,-0.8136397538776428,-20.55088351069971,-0.8230477662585017,-0.994565396422634,0.0,0.0,0.0,0.0,0.0,0.0,0.0
-267,pedestrian,4,1,90,273.982722,0.033467,0.4373751007814019,1.227152327967414,-0.7605702593848355,-20.579351372396072,-0.8540358508908898,-0.9296425389716446,0.0,0.0,0.0,0.0,0.0,0.0,0.0
-267,pedestrian,4,1,91,274.016181,0.033459,0.4774901702335842,1.2034520835654687,-0.7110073320583548,-20.608784763488302,-0.8830017327668844,-0.8689764562798383,0.0,0.0,0.0,0.0,0.0,0.0,0.0
-267,pedestrian,4,1,92,274.049641,0.03346,0.5168666263341302,1.181293683016378,-0.664752016472718,-20.639120705593463,-0.9100782631548384,-0.8122959116386195,0.0,0.0,0.0,0.0,0.0,0.0,0.0
-267,pedestrian,4,1,93,274.083114,0.033473,0.5555526217048529,1.1605798611216827,-0.6214146568408608,-20.670300283688285,-0.935387342844682,-0.7592723906953064,0.0,0.0,0.0,0.0,0.0,0.0,0.0
-267,pedestrian,4,1,94,274.116594,0.03348,0.5935931608812348,1.1412161752914578,-0.580910574906744,-20.702268437615274,-0.9590446178097213,-0.7097182489511787,0.0,0.0,0.0,0.0,0.0,0.0,0.0
-267,pedestrian,4,1,95,274.150025,0.033431,0.6310302665556076,1.123113170231184,-0.5430901518082096,-20.73497372209766,-0.9811585344715624,-0.6634174998552348,0.0,0.0,0.0,0.0,0.0,0.0,0.0
-267,pedestrian,4,1,96,274.183508,0.033483,0.6679031584000071,1.106186755331988,-0.5077924469758837,-20.768368071267226,-1.001830475086947,-0.620158218461534,0.0,0.0,0.0,0.0,0.0,0.0,0.0
-267,pedestrian,4,1,97,274.216993,0.033485,0.704248601951501,1.0903633065448162,-0.4747034636151556,-20.802406526420157,-1.0211536545878899,-0.579695385028289,0.0,0.0,0.0,0.0,0.0,0.0,0.0
-267,pedestrian,4,1,98,274.25045700000004,0.033464,0.7401009642629097,1.0755708693422616,-0.44377311607663544,-20.83704706646095,-1.0392162012238344,-0.5418763990783354,0.0,0.0,0.0,0.0,0.0,0.0,0.0
-267,pedestrian,4,1,99,274.28391500000004,0.033458,0.7754923353243754,1.0617411318439711,-0.41489212494871697,-20.872250447385028,-1.0561014277222818,-0.5065567949534237,0.0,0.0,0.0,0.0,0.0,0.0,0.0
-267,pedestrian,4,1,100,274.31738900000005,0.033474,0.8104526601315066,1.048809744213935,-0.38794162890108136,-20.90798001026296,-1.0718868863379312,-0.4735637584694801,0.0,0.0,0.0,0.0,0.0,0.0,0.0
-267,pedestrian,4,1,101,274.350863,0.033474,0.8450100308115728,1.0367211204019835,-0.362658714358549,-20.94420146271982,-1.0866435737057862,-0.44270062103565455,0.0,0.0,0.0,0.0,0.0,0.0,0.0
-267,pedestrian,4,1,102,274.384342,0.033479,0.8791907098742817,1.0254203718812689,-0.3390224556214379,-20.980882764877993,-1.1004390647451903,-0.41386473118211975,0.0,0.0,0.0,0.0,0.0,0.0,0.0
-267,pedestrian,4,1,103,274.417817,0.033475,0.9130192157399595,1.0148551759703328,-0.31695587732808467,-21.017994000208596,-1.113337059918127,-0.38693985518809987,0.0,0.0,0.0,0.0,0.0,0.0,0.0
-267,pedestrian,4,1,104,274.451274,0.033457,0.946518411444168,1.004975871126258,-0.2963791453222476,-21.055507232929514,-1.125396981627565,-0.3617976512831434,0.0,0.0,0.0,0.0,0.0,0.0,0.0
-267,pedestrian,4,1,105,274.484736,0.033462,0.9797097892914313,0.9957413354178974,-0.2770360712508164,-21.09339633449421,-1.136673046940863,-0.3382819593989361,0.0,0.0,0.0,0.0,0.0,0.0,0.0
-267,pedestrian,4,1,106,274.518204,0.033468,1.0126134598061935,0.9871101154428698,-0.2589365992508303,-21.13163690421836,-1.1472170917245477,-0.3163213435105367,0.0,0.0,0.0,0.0,0.0,0.0,0.0
-267,pedestrian,4,1,107,274.551672,0.033468,1.0452481800429163,0.9790416071016803,-0.24205525023568217,-21.17020616819023,-1.1570779191560923,-0.2958248229463384,0.0,0.0,0.0,0.0,0.0,0.0,0.0
-267,pedestrian,4,1,108,274.585142,0.03347,1.0776314524500406,0.9714981722137248,-0.2263030466386659,-21.20908288436915,-1.1663014853675782,-0.2767069863445795,0.0,0.0,0.0,0.0,0.0,0.0,0.0
-267,pedestrian,4,1,109,274.61861000000005,0.033468,1.1097797404398055,0.964448639692947,-0.21148597562333224,-21.248247193485724,-1.174929273497233,-0.25883364388964625,0.0,0.0,0.0,0.0,0.0,0.0,0.0
-267,pedestrian,4,1,110,274.652078,0.033468,1.1417084551440433,0.9578614411271303,-0.19761595697450013,-21.287680582049305,-1.1830016569074346,-0.24217150230604859,0.0,0.0,0.0,0.0,0.0,0.0,0.0
-267,pedestrian,4,1,111,274.68554500000005,0.033467,1.173431999382678,0.9517063271590407,-0.1846534190426902,-21.327365763310933,-1.190555437848844,-0.22661342824228176,0.0,0.0,0.0,0.0,0.0,0.0,0.0
-267,pedestrian,4,1,112,274.719018,0.033473,1.204963816276743,0.9459545068219498,-0.1725546101127252,-21.367286641866876,-1.1976263566782588,-0.21212756488244275,0.0,0.0,0.0,0.0,0.0,0.0,0.0
-267,pedestrian,4,1,113,274.75248500000004,0.033467,1.236316446260375,0.9405788995089567,-0.16126821938979435,-21.40742823031493,-1.2042476534416624,-0.1986389029021059,0.0,0.0,0.0,0.0,0.0,0.0,0.0
-267,pedestrian,4,1,114,274.785953,0.033468,1.267501721338342,0.9355582523390056,-0.15061941509853383,-21.447776572736984,-1.2104502726616406,-0.18607857659934388,0.0,0.0,0.0,0.0,0.0,0.0,0.0
-267,pedestrian,4,1,115,274.81942000000004,0.033467,1.2985307050979955,0.9308695127896056,-0.14066218648199744,-21.488318652497565,-1.2162623928173983,-0.17436360467272882,0.0,0.0,0.0,0.0,0.0,0.0,0.0
-267,pedestrian,4,1,116,274.852888,0.033468,1.3294137230276208,0.9264905378887612,-0.13136924702532987,-21.529042415631995,-1.2217128940328583,-0.1635150364637998,0.0,0.0,0.0,0.0,0.0,0.0,0.0
-267,pedestrian,4,1,117,274.88635700000003,0.033469,1.3601604073698326,0.9224005302663507,-0.12270022867231471,-21.569936703857316,-1.226828646759662,-0.15347258180411535,0.0,0.0,0.0,0.0,0.0,0.0,0.0
-267,pedestrian,4,1,118,274.919824,0.033467,1.3907798922698638,0.9185845470009347,-0.11447949796247886,-21.610991207684922,-1.2316351148281632,-0.1441940420550323,0.0,0.0,0.0,0.0,0.0,0.0,0.0
-267,pedestrian,4,1,119,274.95329200000003,0.033468,1.4212807357587591,0.9150253046668603,-0.10677727002223303,-21.652196399162573,-1.2361557443295348,-0.1356188850411479,0.0,0.0,0.0,0.0,0.0,0.0,0.0
-267,pedestrian,4,1,120,274.986787,0.033495,1.451670961782681,0.9117067807176594,-0.09955571847602473,-21.693543437099734,-1.2404111381148788,-0.12766181356031775,0.0,0.0,0.0,0.0,0.0,0.0,0.0
-267,pedestrian,4,1,121,275.020264,0.033477,1.4819579917566363,0.9086108992186576,-0.09287644497005568,-21.735024222975262,-1.2444235762658813,-0.12037314453007597,0.0,0.0,0.0,0.0,0.0,0.0,0.0
-267,pedestrian,4,1,122,275.05375000000004,0.033486,1.512148743077921,0.9057225396385389,-0.08665078740356141,-21.776631388549006,-1.2482149672123193,-0.11374172839313781,0.0,0.0,0.0,0.0,0.0,0.0,0.0
-267,pedestrian,4,1,123,275.08720600000004,0.033456,1.5422498130908815,0.9030321003888166,-0.08071317749166823,-21.818358269628916,-1.2518064323972684,-0.10774395554847173,0.0,0.0,0.0,0.0,0.0,0.0,0.0
-267,pedestrian,4,1,124,275.12066200000004,0.033456,1.5722673980289539,0.9005275481421735,-0.07513656739929475,-21.86019892206343,-1.2552195730353812,-0.10239421914338565,0.0,0.0,0.0,0.0,0.0,0.0,0.0
-267,pedestrian,4,1,125,275.154135,0.033473,1.6022073367742828,0.8981981623598689,-0.06988157346913652,-21.902148177157855,-1.2584776528328236,-0.09774239392327365,0.0,0.0,0.0,0.0,0.0,0.0,0.0
-267,pedestrian,4,1,126,275.187609,0.033474,1.6320750905705623,0.8960326138883856,-0.06496645414450097,-21.94420144052203,-1.2615979009252265,-0.09360744277208838,0.0,0.0,0.0,0.0,0.0,0.0,0.0
-267,pedestrian,4,1,127,275.221083,0.033474,1.6618757063817682,0.8940184743361727,-0.06042418656638869,-21.986354739071963,-1.2645989564979763,-0.09003166718249347,0.0,0.0,0.0,0.0,0.0,0.0,0.0
-267,pedestrian,4,1,128,275.25455600000004,0.033473,1.691613886489373,0.8921454032281486,-0.05619213324071952,-22.0286048329335,-1.2675028158461106,-0.08711578044403004,0.0,0.0,0.0,0.0,0.0,0.0,0.0
-267,pedestrian,4,1,129,275.28803000000005,0.033474,1.7212941478353319,0.8904078403787616,-0.05212688548160921,-22.0709492909992,-1.2703337419709593,-0.08492778374546398,0.0,0.0,0.0,0.0,0.0,0.0,0.0
-267,pedestrian,4,1,130,275.321519,0.033489,1.7509206604061647,0.8887953771249849,-0.04837389761330155,-22.113386379460792,-1.2731126538477693,-0.08336735630430223,0.0,0.0,0.0,0.0,0.0,0.0,0.0
-267,pedestrian,4,1,131,275.35498,0.033461,1.7804972436988975,0.8872974987819872,-0.044936350289933785,-22.15591503555122,-1.275859682712863,-0.08241086595281419,0.0,0.0,0.0,0.0,0.0,0.0,0.0
-267,pedestrian,4,1,132,275.388465,0.033485,1.810027449023871,0.8859061597492052,-0.041740170983460965,-22.198535013402022,-1.2785993355240908,-0.0821895843368345,0.0,0.0,0.0,0.0,0.0,0.0,0.0
-267,pedestrian,4,1,133,275.421923,0.033458,1.839514494000291,0.8846113492925978,-0.038844313698221576,-22.24124718445975,-1.2813651317317898,-0.08297388623097107,0.0,0.0,0.0,0.0,0.0,0.0,0.0
-267,pedestrian,4,1,134,275.455395,0.033472,1.8689612506351776,0.8834026990465966,-0.03625950738003272,-22.2840535400716,-1.2841906683555784,-0.08476609871365838,0.0,0.0,0.0,0.0,0.0,0.0,0.0
-267,pedestrian,4,1,135,275.488868,0.033473,1.8983703520010184,0.8822730409752252,-0.033889742141142355,-22.326957446734525,-1.2871171998877142,-0.08779594596407664,0.0,0.0,0.0,0.0,0.0,0.0,0.0
-267,pedestrian,4,1,136,275.52234200000004,0.033474,1.9277439749219323,0.8812086876274137,-0.0319306004343456,-22.369963293305933,-1.290175397142178,-0.0917459176339167,0.0,0.0,0.0,0.0,0.0,0.0,0.0
-267,pedestrian,4,1,137,275.55579900000004,0.033457,1.9570838482830122,0.8801962008323982,-0.030374603850463616,-22.413076466125432,-1.2933951845849239,-0.096593623282373,0.0,0.0,0.0,0.0,0.0,0.0,0.0
-267,pedestrian,4,1,138,275.58926,0.033461,1.9863912134506325,0.8792209550286113,-0.02925737411360838,-22.45630399881558,-1.2968259807044749,-0.10292388358652758,0.0,0.0,0.0,0.0,0.0,0.0,0.0
-267,pedestrian,4,1,139,275.622728,0.033468,2.015666505260574,0.8782587542982339,-0.028866021911323668,-22.499655173905783,-1.3005352527060174,-0.11127816004627487,0.0,0.0,0.0,0.0,0.0,0.0,0.0
-267,pedestrian,4,1,140,275.656194,0.033466,2.0449094141788233,0.8772872675474893,-0.029144602522335784,-22.543140700084532,-1.3045657853624697,-0.12091597969356799,0.0,0.0,0.0,0.0,0.0,0.0,0.0
-267,pedestrian,4,1,141,275.68966,0.033466,2.07411881719801,0.876282090575607,-0.030155309156468614,-22.58677363221457,-1.308987963901128,-0.1326653561597492,0.0,0.0,0.0,0.0,0.0,0.0,0.0
-267,pedestrian,4,1,142,275.72312800000003,0.033468,2.1032923691113075,0.875206557398918,-0.03226599530067251,-22.630569069754035,-1.3138631261840008,-0.14625486848618596,0.0,0.0,0.0,0.0,0.0,0.0,0.0
-267,pedestrian,4,1,143,275.756594,0.033466,2.132426610820615,0.8740272512792334,-0.035379183590536704,-22.674543545671668,-1.3192342775290111,-0.16113454035030936,0.0,0.0,0.0,0.0,0.0,0.0,0.0
-267,pedestrian,4,1,144,275.79006100000004,0.033467,2.1615160614247557,0.8726835181242223,-0.04031199465033345,-22.718718348658346,-1.325244089600356,-0.1802943621403413,0.0,0.0,0.0,0.0,0.0,0.0,0.0
-267,pedestrian,4,1,145,275.823529,0.033468,2.190552955713864,0.8711068286732496,-0.047300683529178655,-22.763117327530892,-1.3319693661763972,-0.20175829728124003,0.0,0.0,0.0,0.0,0.0,0.0,0.0
-267,pedestrian,4,1,146,275.85699400000004,0.033465,2.219527483333615,0.8692358285925439,-0.05613000242117181,-22.807766172396274,-1.3394653459613972,-0.2248793935499992,0.0,0.0,0.0,0.0,0.0,0.0,0.0
-267,pedestrian,4,1,147,275.89046,0.033466,2.2484270443513146,0.8669868305309829,-0.06746994184683108,-22.852695353959746,-1.3478754469040979,-0.2523030282810195,0.0,0.0,0.0,0.0,0.0,0.0,0.0
-267,pedestrian,4,1,148,275.92393300000003,0.033473,2.277235779833485,0.8642620644651134,-0.08174298197608239,-22.89793763917288,-1.3572685563939964,-0.2817932846969522,0.0,0.0,0.0,0.0,0.0,0.0,0.0
-267,pedestrian,4,1,149,275.9574,0.033467,2.3059336001186757,0.8609346085557169,-0.09982367728189662,-22.94352667616543,-1.36767110977648,-0.3120766014745111,0.0,0.0,0.0,0.0,0.0,0.0,0.0
-267,pedestrian,4,1,150,275.99086700000004,0.033467,2.334495771592018,0.8568651442002629,-0.12208393066361865,-22.9895006231656,-1.3792184100050948,-0.34641900685844407,0.0,0.0,0.0,0.0,0.0,0.0,0.0
-267,pedestrian,4,1,151,276.024335,0.033468,2.362891785895731,0.8518804291113957,-0.149541452666018,-23.03590348473247,-1.3920858470060768,-0.3860231100294628,0.0,0.0,0.0,0.0,0.0,0.0,0.0
-267,pedestrian,4,1,152,276.057815,0.03348,2.391084918689351,0.845793983808604,-0.1825933590837495,-23.08277817967193,-1.4062408481838258,-0.424650035332468,0.0,0.0,0.0,0.0,0.0,0.0,0.0
-267,pedestrian,4,1,153,276.09128200000004,0.033467,2.4190324272459893,0.8384252566991547,-0.22106181328348182,-23.130165593131863,-1.4216224037979825,-0.4614466684247048,0.0,0.0,0.0,0.0,0.0,0.0,0.0
-267,pedestrian,4,1,154,276.12475,0.033468,2.446683767944323,0.8295402209500117,-0.2665510724742896,-23.178109865558135,-1.4383281727881374,-0.5011730697046444,0.0,0.0,0.0,0.0,0.0,0.0,0.0
-267,pedestrian,4,1,155,276.15821700000004,0.033467,2.473978981200331,0.8188563976802438,-0.32051469809303823,-23.226655554226213,-1.4563706600423754,-0.5412746176271382,0.0,0.0,0.0,0.0,0.0,0.0,0.0
-267,pedestrian,4,1,156,276.191684,0.033467,2.500851619227308,0.8061791408093167,-0.38031770612780985,-23.275839930409365,-1.4755312854945353,-0.5748187635647984,0.0,0.0,0.0,0.0,0.0,0.0,0.0
-267,pedestrian,4,1,157,276.22515200000004,0.033468,2.527230141839947,0.7913556783791793,-0.44470387290412294,-23.32568996982112,-1.495501182352672,-0.5990969057441049,0.0,0.0,0.0,0.0,0.0,0.0,0.0
-267,pedestrian,4,1,158,276.258621,0.033469,2.553035542169745,0.7741620098939335,-0.5158100545573765,-23.376224454299084,-1.516034534338921,-0.6160005595874668,0.0,0.0,0.0,0.0,0.0,0.0,0.0
-267,pedestrian,4,1,159,276.292093,0.033472,2.578183994650109,0.7544535744109152,-0.5912530644905474,-23.427445799337015,-1.536640351137927,-0.6181745039701783,0.0,0.0,0.0,0.0,0.0,0.0,0.0
-267,pedestrian,4,1,160,276.32556,0.033467,2.6026021756226507,0.7325454291762485,-0.657244357039999,-23.479324360154806,-1.5563568245337605,-0.5914942018750059,0.0,0.0,0.0,0.0,0.0,0.0,0.0
-267,pedestrian,4,1,161,276.359028,0.033468,2.626433963759591,0.7149536441082006,-0.5277535520414387,-23.5315781029829,-1.5676122848428156,-0.33766380927165035,0.0,0.0,0.0,0.0,0.0,0.0,0.0
-267,pedestrian,4,1,162,276.392496,0.033468,2.6497955752014026,0.70084834325436,-0.4231590256152209,-23.58399603440938,-1.5725379427944555,-0.14776973854919742,0.0,0.0,0.0,0.0,0.0,0.0,0.0
-267,pedestrian,4,1,163,276.425964,0.033468,2.6727804845755125,0.6895472812232957,-0.3390318609319298,-23.636423189528458,-1.5728146535722662,-0.008301323334322196,0.0,0.0,0.0,0.0,0.0,0.0,0.0
-267,pedestrian,4,1,164,276.459431,0.033467,2.6954739583511556,0.680804213269291,-0.2622920386201425,-23.688737090276433,-1.5694170224392727,0.10192893398980844,0.0,0.0,0.0,0.0,0.0,0.0,0.0
-267,pedestrian,4,1,165,276.492929,0.033498,2.7179518468126984,0.6743366538462872,-0.19402678269011342,-23.7408422881909,-1.5631559374340265,0.1878325501573876,0.0,0.0,0.0,0.0,0.0,0.0,0.0
-267,pedestrian,4,1,166,276.526403,0.033474,2.7402824996384525,0.6699195847726221,-0.1325120722099505,-23.792665226253177,-1.5546881418682401,0.25403386697358993,0.0,0.0,0.0,0.0,0.0,0.0,0.0
-267,pedestrian,4,1,167,276.559902,0.033499,2.762530391770257,0.6674367639541375,-0.07448462455453711,-23.84415010412074,-1.5445463360268206,0.3042541752425852,0.0,0.0,0.0,0.0,0.0,0.0,0.0
-267,pedestrian,4,1,168,276.593366,0.033464,2.7847552634746946,0.6667461511331321,-0.020718384630162498,-23.895257257365472,-1.5332145973420066,0.3399521605444212,0.0,0.0,0.0,0.0,0.0,0.0,0.0
-267,pedestrian,4,1,169,276.62683000000004,0.033464,2.807015281680373,0.6678005461703533,0.0316318511166382,-23.94595982016523,-1.5210768839926785,0.36413140047984627,0.0,0.0,0.0,0.0,0.0,0.0,0.0
-267,pedestrian,4,1,170,276.66030600000005,0.033476,2.8293704223389757,0.6706542197580849,0.08561020763194672,-23.99624038451605,-1.5084169305246515,0.379798604040806,0.0,0.0,0.0,0.0,0.0,0.0,0.0
-267,pedestrian,4,1,171,276.693781,0.033475,2.851877420483173,0.6752099443259189,0.1366717370350185,-24.046091253916174,-1.4955260820036922,0.38672545562878247,0.0,0.0,0.0,0.0,0.0,0.0,0.0
-267,pedestrian,4,1,172,276.727257,0.033476,2.8745438284811633,0.6799922399397024,0.1434688684135045,-24.095521557900707,-1.4829091195359465,0.3785088740323674,0.0,0.0,0.0,0.0,0.0,0.0,0.0
-267,pedestrian,4,1,173,276.760719,0.033462,2.897378917202542,0.6850526616413679,0.15181265104996733,-24.144542717600842,-1.4706347910040762,0.36822985595610835,0.0,0.0,0.0,0.0,0.0,0.0,0.0
-267,pedestrian,4,1,174,276.794176,0.033457,2.9203913398647647,0.690372679866682,0.1596005467594234,-24.19316845542729,-1.4587721347934264,0.3558796863194952,0.0,0.0,0.0,0.0,0.0,0.0,0.0
-267,pedestrian,4,1,175,276.827641,0.033465,2.9435897284090586,0.6959516563288104,0.16736929386385008,-24.241413904627617,-1.4473634760097422,0.34225976351052684,0.0,0.0,0.0,0.0,0.0,0.0,0.0
-267,pedestrian,4,1,176,276.86111,0.033469,2.96698189869528,0.701765108586646,0.17440356773506782,-24.289295466578963,-1.436446858540378,0.32749852408092506,0.0,0.0,0.0,0.0,0.0,0.0,0.0
-267,pedestrian,4,1,177,276.894589,0.033479,2.990573660508375,0.7077528543928551,0.17963237418627237,-24.336830705955414,-1.4260571812934937,0.31169031740652836,0.0,0.0,0.0,0.0,0.0,0.0,0.0
-267,pedestrian,4,1,178,276.928059,0.03347,3.014369568984347,0.7138772542791648,0.18373199658929387,-24.384037868688186,-1.4162148819831004,0.29526897931180035,0.0,0.0,0.0,0.0,0.0,0.0,0.0
-267,pedestrian,4,1,179,276.96152800000004,0.033469,3.0383727013066326,0.720093969668563,0.18650146168194562,-24.4309355654664,-1.4069309033464443,0.27851935909968206,0.0,0.0,0.0,0.0,0.0,0.0,0.0
-267,pedestrian,4,1,180,276.994997,0.033469,3.062584605058863,0.7263571125669133,0.1878942869505098,-24.477542317476363,-1.3982025602989483,0.26185029142487937,0.0,0.0,0.0,0.0,0.0,0.0,0.0
-267,pedestrian,4,1,181,277.028459,0.033462,3.0870048779495236,0.7326081867198098,0.18753222458689559,-24.523876084419456,-1.3900130082927367,0.24568656018635174,0.0,0.0,0.0,0.0,0.0,0.0,0.0
-267,pedestrian,4,1,182,277.06192500000003,0.033466,3.111631472016955,0.7387978220229366,0.18568905909380642,-24.569954250078112,-1.3823449697596801,0.2300411559916965,0.0,0.0,0.0,0.0,0.0,0.0,0.0
-267,pedestrian,4,1,183,277.09539800000005,0.033473,3.1364612338077578,0.744892853724091,0.18285095103462928,-24.61579364597405,-1.3751818768781372,0.21489278644628573,0.0,0.0,0.0,0.0,0.0,0.0,0.0
-267,pedestrian,4,1,184,277.12887800000004,0.03348,3.1614894912427247,0.7508477230490063,0.1786460797474577,-24.661410336643428,-1.3685007200813233,0.20043470390441437,0.0,0.0,0.0,0.0,0.0,0.0,0.0
-267,pedestrian,4,1,185,277.16233700000004,0.033459,3.1867106044129705,0.7566333951073768,0.17357016175111722,-24.706819477791008,-1.3622742344273604,0.1867945696188853,0.0,0.0,0.0,0.0,0.0,0.0,0.0
-267,pedestrian,4,1,186,277.195801,0.033464,3.212118090983179,0.762224597106259,0.1677360599664642,-24.752035378700885,-1.3564770272962825,0.17391621393233975,0.0,0.0,0.0,0.0,0.0,0.0,0.0
-267,pedestrian,4,1,187,277.22926900000004,0.033468,3.2377049553051958,0.7676059296605076,0.16143997662745777,-24.797071423041597,-1.351081330221415,0.16187091224602224,0.0,0.0,0.0,0.0,0.0,0.0,0.0
-267,pedestrian,4,1,188,277.262737,0.033468,3.263464231384039,0.7727782823652899,0.15517058114346952,-24.841940068010157,-1.3460593490568182,0.15065943493790504,0.0,0.0,0.0,0.0,0.0,0.0,0.0
-267,pedestrian,4,1,189,277.29620600000004,0.033469,3.289389279612482,0.7777514468532912,0.1491949346400387,-24.886653064601564,-1.3413898977422043,0.14008353943841584,0.0,0.0,0.0,0.0,0.0,0.0,0.0
-267,pedestrian,4,1,190,277.329675,0.033469,3.315473422027917,0.7825242724630481,0.14318476829270824,-24.93122135603288,-1.3370487429394409,0.13023464408290208,0.0,0.0,0.0,0.0,0.0,0.0,0.0
-267,pedestrian,4,1,191,277.36314500000003,0.03347,3.3417098911695167,0.7870940742479898,0.1370940535482527,-24.975655086752816,-1.333011921598136,0.12110464023914742,0.0,0.0,0.0,0.0,0.0,0.0,0.0
-267,pedestrian,4,1,192,277.396615,0.03347,3.368092051802287,0.791464818983115,0.13112234205375814,-25.019963723241172,-1.329259094650693,0.11258480842328723,0.0,0.0,0.0,0.0,0.0,0.0,0.0
-267,pedestrian,4,1,193,277.430084,0.033469,3.3946133342686635,0.7956384739912831,0.12520965024504066,-25.06415610185166,-1.325771358314588,0.10463209008315091,0.0,0.0,0.0,0.0,0.0,0.0,0.0
-267,pedestrian,4,1,194,277.46351300000003,0.033429,3.421296356531041,0.8004906678713258,0.14556581640128358,-25.10825122517827,-1.3228536997984301,0.0875297554847387,0.0,0.0,0.0,0.0,0.0,0.0,0.0
-267,pedestrian,4,1,195,277.497019,0.033506,3.448130290538579,0.805018020226137,0.13582057064433503,-25.15225547028435,-1.320127353182295,0.08179039848405205,0.0,0.0,0.0,0.0,0.0,0.0,0.0
-267,pedestrian,4,1,196,277.53049500000003,0.033476,3.4751050535437864,0.8092428901562285,0.1267460979027462,-25.196174764402134,-1.31757882353356,0.07645588946205521,0.0,0.0,0.0,0.0,0.0,0.0,0.0
-267,pedestrian,4,1,197,277.563984,0.033489,3.5022112967957577,0.8131872975591459,0.11833222208752153,-25.240014542509062,-1.3151933432078762,0.07156440977051443,0.0,0.0,0.0,0.0,0.0,0.0,0.0
-267,pedestrian,4,1,198,277.59744,0.033456,3.5294402839605077,0.8168696149425028,0.11046952150070745,-25.283779889630754,-1.3129604136507163,0.06698788671480013,0.0,0.0,0.0,0.0,0.0,0.0,0.0
-267,pedestrian,4,1,199,277.630898,0.033458,3.5567838511151804,0.8203070146401854,0.10312199093047791,-25.327475559260957,-1.3108700889060514,0.06270974233994375,0.0,0.0,0.0,0.0,0.0,0.0,0.0
-267,pedestrian,4,1,200,277.664374,0.033476,3.584234367684712,0.823515497085942,0.09625447337269533,-25.371105998645298,-1.308913181530228,0.05870722127470276,0.0,0.0,0.0,0.0,0.0,0.0,0.0
-267,pedestrian,4,1,201,277.69786200000004,0.033488,3.6117847057846424,0.8265101429979156,0.0898393773592087,-25.41467536836394,-1.307081091559243,0.05496269912954917,0.0,0.0,0.0,0.0,0.0,0.0,0.0
-267,pedestrian,4,1,202,277.731283,0.033421,3.6394282054820586,0.8293049909224891,0.08384543773720486,-25.458187560995288,-1.3053657789404414,0.05145937856404631,0.0,0.0,0.0,0.0,0.0,0.0,0.0
-267,pedestrian,4,1,203,277.78051000000005,0.049227,3.6671586380369465,0.8319129766466395,0.07823957172451249,-25.501646216532215,-1.3037596661078208,0.0481833849786147,0.0,0.0,0.0,0.0,0.0,0.0,0.0
-267,pedestrian,4,1,204,277.81399600000003,0.033486,3.694970313565512,0.8343502658569603,0.07311867630962134,-25.545056298673448,-1.3023024642370111,0.04371605612428917,0.0,0.0,0.0,0.0,0.0,0.0,0.0
-267,pedestrian,4,1,205,277.84744600000005,0.03345,3.7228577982810473,0.8366245414660599,0.06822826827299054,-25.588420893329115,-1.3009378396700524,0.04093873700876278,0.0,0.0,0.0,0.0,0.0,0.0,0.0
-267,pedestrian,4,1,206,277.88091000000003,0.033464,3.750816013009043,0.8387464418398679,0.06365701121423895,-25.631742884234626,-1.29965972716538,0.038343375140167495,0.0,0.0,0.0,0.0,0.0,0.0,0.0
-267,pedestrian,4,1,207,277.91438500000004,0.033475,3.7788402223790754,0.8407262811009623,0.0593951778328315,-25.675024964423788,-1.2984624056747958,0.035919644717526504,0.0,0.0,0.0,0.0,0.0,0.0,0.0
-267,pedestrian,4,1,208,277.94786000000005,0.033475,3.8069260357446453,0.8425744009671019,0.05544359598418911,-25.718269697180588,-1.2973419827040342,0.03361268912284459,0.0,0.0,0.0,0.0,0.0,0.0,0.0
-267,pedestrian,4,1,209,277.98132300000003,0.033463,3.8350695783524054,0.8443062782328057,0.051956317971112886,-25.761479841453575,-1.2963043281896134,0.03112963543262262,0.0,0.0,0.0,0.0,0.0,0.0,0.0
-267,pedestrian,4,1,210,278.014785,0.033462,3.8632669764001357,0.8459219414319108,0.04846989597315474,-25.804657564448377,-1.2953316898440093,0.0291791503681241,0.0,0.0,0.0,0.0,0.0,0.0,0.0
-267,pedestrian,4,1,211,278.04825300000005,0.033468,3.8915146110380703,0.8474290391380396,0.04521293118386374,-25.847804892119093,-1.294419830121532,0.027355791674318126,0.0,0.0,0.0,0.0,0.0,0.0,0.0
-267,pedestrian,4,1,212,278.081723,0.03347,3.919809082118999,0.8488341324278682,0.042152798694859744,-25.890923752311895,-1.2935658057840107,0.025620730125638286,0.0,0.0,0.0,0.0,0.0,0.0,0.0
-267,pedestrian,4,1,213,278.11519200000004,0.033469,3.9481470984033504,0.850140488530539,0.039190683080124994,-25.934016170169503,-1.292772535728189,0.023798101674654838,0.0,0.0,0.0,0.0,0.0,0.0,0.0
-267,pedestrian,4,1,214,278.14866,0.033468,3.9765257216702974,0.8513586980084075,0.036546284336054585,-25.977083780529068,-1.2920283107869053,0.02232674823850846,0.0,0.0,0.0,0.0,0.0,0.0,0.0
-267,pedestrian,4,1,215,278.182137,0.033477,4.0049422077109496,0.8524945812195642,0.03407649633470264,-26.02012810998102,-1.2913298835585483,0.02095281685070858,0.0,0.0,0.0,0.0,0.0,0.0,0.0
-267,pedestrian,4,1,216,278.21560500000004,0.033468,4.033393996649731,0.8535536681634361,0.03177260831615763,-26.063150582126475,-1.290674164363659,0.019671575846678682,0.0,0.0,0.0,0.0,0.0,0.0,0.0
-267,pedestrian,4,1,217,278.249073,0.033468,4.061878695731679,0.8545409724584279,0.029619128849752204,-26.106152526061987,-1.2900583180653795,0.01847538894838186,0.0,0.0,0.0,0.0,0.0,0.0,0.0
-267,pedestrian,4,1,218,278.28254100000004,0.033468,4.090394050994843,0.8554606578949295,0.027590563095051715,-26.14913519918633,-1.2894801937303173,0.01734373005186857,0.0,0.0,0.0,0.0,0.0,0.0,0.0
-267,pedestrian,4,1,219,278.31602200000003,0.033481,4.118937954752904,0.8563171127418303,0.025693645407023385,-26.19209977781651,-1.2889373589053919,0.016285044747762746,0.0,0.0,0.0,0.0,0.0,0.0,0.0
-267,pedestrian,4,1,220,278.349491,0.033469,4.147508416267308,0.8571138454321148,0.02390198070853271,-26.235047405917467,-1.2884288430287527,0.015255476299172302,0.0,0.0,0.0,0.0,0.0,0.0,0.0
-267,pedestrian,4,1,221,278.382971,0.03348,4.176103471804669,0.8578516661208231,0.022134620661250888,-26.27797937225221,-1.2879589900423125,0.014095589593207399,0.0,0.0,0.0,0.0,0.0,0.0,0.0
-267,pedestrian,4,1,222,278.41644,0.033469,4.204721411648536,0.8585381953160183,0.02059587585585571,-26.320896619680365,-1.2875174228446549,0.013247015929727482,0.0,0.0,0.0,0.0,0.0,0.0,0.0
-267,pedestrian,4,1,223,278.44990900000005,0.033469,4.234373490789622,0.8895623742325767,0.9307253674967515,-26.3627486376706,-1.2555605397070528,0.9587064941280624,0.0,0.0,0.0,0.0,0.0,0.0,0.0
-267,pedestrian,4,1,224,278.483409,0.0335,4.265009457062419,0.9190789881839032,0.8854984185397948,-26.403575844749696,-1.2248162123728892,0.922329820024913,0.0,0.0,0.0,0.0,0.0,0.0,0.0
-267,pedestrian,4,1,225,278.516879,0.03347,4.296581748161054,0.9471687329590502,0.8426923432544114,-26.443416451338525,-1.1952181976648983,0.8879404412397267,0.0,0.0,0.0,0.0,0.0,0.0,0.0
-267,pedestrian,4,1,226,278.550364,0.033485,4.329045358043226,0.9739082964651641,0.8021869051834137,-26.482306564507613,-1.1667033950727093,0.855444077765671,0.0,0.0,0.0,0.0,0.0,0.0,0.0
-267,pedestrian,4,1,227,278.58382700000004,0.033463,4.36235771180307,0.9993706127953338,0.7638694899050917,-26.520280293731922,-1.1392118767292643,0.8247455503033503,0.0,0.0,0.0,0.0,0.0,0.0,0.0
-267,pedestrian,4,1,228,278.61728500000004,0.033458,4.3964785702464955,1.0236257533027548,0.7276542152226314,-26.557369968704602,-1.1126902491803774,0.795648826466606,0.0,0.0,0.0,0.0,0.0,0.0,0.0
-267,pedestrian,4,1,229,278.65076000000005,0.033475,4.431369993435014,1.0467426956555548,0.6935082705839982,-26.593606594362427,-1.087098769734709,0.7677443833700537,0.0,0.0,0.0,0.0,0.0,0.0,0.0
-267,pedestrian,4,1,230,278.684236,0.033476,4.4669959814257085,1.0687796397208298,0.6611083219582534,-26.629018769870797,-1.0623652652511029,0.7420051345081841,0.0,0.0,0.0,0.0,0.0,0.0,0.0
-267,pedestrian,4,1,231,278.717711,0.033475,4.503322518300682,1.0897961062492174,0.6304939958516299,-26.663633430249973,-1.0384398113753373,0.7177636162729714,0.0,0.0,0.0,0.0,0.0,0.0,0.0
-267,pedestrian,4,1,232,278.751173,0.033462,4.540317474256803,1.1098486786836073,0.6015771730316958,-26.697475911704597,-1.0152744436387204,0.6949610320985062,0.0,0.0,0.0,0.0,0.0,0.0,0.0
-267,pedestrian,4,1,233,278.784629,0.033456,4.5779505126327305,1.128991151277843,0.5742741778270751,-26.73057000884528,-0.9928229142205165,0.6735458825461176,0.0,0.0,0.0,0.0,0.0,0.0,0.0
-267,pedestrian,4,1,234,278.81808700000005,0.033458,4.616209648464317,1.1477740749476188,0.5634877100932789,-26.762979756056026,-0.9722924163224155,0.6159149369430318,0.0,0.0,0.0,0.0,0.0,0.0,0.0
-267,pedestrian,4,1,235,278.85155100000003,0.033464,4.655066455931293,1.1657042240092903,0.5379044718501405,-26.79472304350394,-0.9522986234374354,0.5998137865494013,0.0,0.0,0.0,0.0,0.0,0.0,0.0
-267,pedestrian,4,1,236,278.88502500000004,0.033474,4.694494157627421,1.1828310508838444,0.5138048062366218,-26.825816454410162,-0.9328023271866925,0.5848888875222857,0.0,0.0,0.0,0.0,0.0,0.0,0.0
-267,pedestrian,4,1,237,278.918511,0.033486,4.734467547995646,1.1992017110467525,0.49111980488724605,-26.856275279096554,-0.9137647405917744,0.5711275978475459,0.0,0.0,0.0,0.0,0.0,0.0,0.0
-267,pedestrian,4,1,238,278.95195800000005,0.033447,4.774962921456244,1.2148612038179474,0.46978478313584393,-26.88611352127835,-0.8951472654538726,0.5585242541370529,0.0,0.0,0.0,0.0,0.0,0.0,0.0
-267,pedestrian,4,1,239,278.985424,0.033466,4.8159580059151805,1.2298525337680892,0.4497398985042585,-26.91534389483119,-0.8769112065851381,0.5470817660620334,0.0,0.0,0.0,0.0,0.0,0.0,0.0
-267,pedestrian,4,1,240,279.01889900000003,0.033475,4.857431901436299,1.2442168656335577,0.43092995596405165,-26.9439778099308,-0.85901745298829,0.5368126079054409,0.0,0.0,0.0,0.0,0.0,0.0,0.0
-267,pedestrian,4,1,241,279.052372,0.033473,4.8993650241078335,1.2579936801460436,0.4133044353745804,-26.9720253468864,-0.8414261086679724,0.5277403296095272,0.0,0.0,0.0,0.0,0.0,0.0,0.0
-267,pedestrian,4,1,242,279.085841,0.033469,4.941739055134936,1.2712209308130604,0.3968175200105027,-26.999495215698033,-0.8240960643490056,0.5199013295690025,0.0,0.0,0.0,0.0,0.0,0.0,0.0
-267,pedestrian,4,1,243,279.119299,0.033458,4.9845368954500575,1.28393520945365,0.38142835921768514,-27.026394697754718,-0.806984461700512,0.5133480794548102,0.0,0.0,0.0,0.0,0.0,0.0,0.0
-267,pedestrian,4,1,244,279.152763,0.033464,5.027742625928188,1.2961719143439165,0.36710114670799493,-27.05272956629004,-0.790046056059704,0.508152169224237,0.0,0.0,0.0,0.0,0.0,0.0,0.0
-267,pedestrian,4,1,245,279.186235,0.033472,5.07134147353699,1.3079654282640545,0.3538054176041397,-27.078503980209717,-0.7732324175902918,0.5044091540823653,0.0,0.0,0.0,0.0,0.0,0.0,0.0
-267,pedestrian,4,1,246,279.21970200000004,0.033467,5.115319783802726,1.3193493079720793,0.34151639124074207,-27.103720344195583,-0.756490919575939,0.5022449404305864,0.0,0.0,0.0,0.0,0.0,0.0,0.0
-267,pedestrian,4,1,247,279.253171,0.033469,5.159665000062226,1.3303564877849894,0.33021539438730296,-27.128379125330575,-0.7397634340497644,0.5018245657852374,0.0,0.0,0.0,0.0,0.0,0.0,0.0
-267,pedestrian,4,1,248,279.28663900000004,0.033468,5.204365650038206,1.3410194992793936,0.31989034483212725,-27.1524786126764,-0.7229846203747616,0.5033644102500823,0.0,0.0,0.0,0.0,0.0,0.0,0.0
-267,pedestrian,4,1,249,279.320107,0.033468,5.249411340287557,1.3513707074805232,0.31053624603389207,-27.176014600595142,-0.7060796375622614,0.5071494843750056,0.0,0.0,0.0,0.0,0.0,0.0,0.0
-267,pedestrian,4,1,250,279.353579,0.033472,5.294792758979026,1.3614425607440608,0.30215559790612445,-27.198979967638227,-0.6889610112925973,0.5135587880899227,0.0,0.0,0.0,0.0,0.0,0.0,0.0
-267,pedestrian,4,1,251,279.387048,0.033469,5.3405016870009145,1.3712678406566623,0.29475839737804693,-27.22136410953053,-0.671524256769111,0.5231026357045909,0.0,0.0,0.0,0.0,0.0,0.0,0.0
-267,pedestrian,4,1,252,279.420516,0.033468,5.386531016073658,1.380879872182284,0.2883609457686476,-27.24315216333937,-0.6536416142652545,0.536479275115694,0.0,0.0,0.0,0.0,0.0,0.0,0.0
-267,pedestrian,4,1,253,279.453982,0.033466,5.432874769823587,1.3903126124978722,0.2829822094676511,-27.264323922865408,-0.6351527857810743,0.554664854525407,0.0,0.0,0.0,0.0,0.0,0.0,0.0
-267,pedestrian,4,1,254,279.487453,0.033471,5.476128939033436,1.2976250762954638,-2.780626086072254,-27.284084236484865,-0.5928094085837102,1.2703013159209204,0.0,0.0,0.0,0.0,0.0,0.0,0.0
-267,pedestrian,4,1,255,279.520952,0.033499,5.516499496204561,1.2111167151337394,-2.5952508348517274,-27.302527199880178,-0.5532889018593666,1.1856152017303072,0.0,0.0,0.0,0.0,0.0,0.0,0.0
-267,pedestrian,4,1,256,279.554429,0.033477,5.554178682293279,1.1303755826615456,-2.4222339741658185,-27.31974063581696,-0.5164030781034655,1.1065747126770327,0.0,0.0,0.0,0.0,0.0,0.0,0.0
-267,pedestrian,4,1,257,279.58792900000003,0.0335,5.589345922163905,1.055017196118771,-2.260751596283236,-27.33580651227665,-0.481976293790778,1.0328035293806264,0.0,0.0,0.0,0.0,0.0,0.0,0.0
-267,pedestrian,4,1,258,279.621392,0.033463,5.6221686790015095,0.9846827051281224,-2.1100347297194606,-27.350801332771898,-0.44984461485739036,0.9639503680016287,0.0,0.0,0.0,0.0,0.0,0.0,0.0
-267,pedestrian,4,1,259,279.654847,0.033455,5.652803251754856,0.919037182600372,-1.9693656758325093,-27.36479650066648,-0.4198550368374104,0.899687340599399,0.0,0.0,0.0,0.0,0.0,0.0,0.0
-267,pedestrian,4,1,260,279.688332,0.033485,5.681395519427729,0.8577680301861903,-1.8380745724254521,-27.377858659145947,-0.39186475438405005,0.8397084736008096,0.0,0.0,0.0,0.0,0.0,0.0,0.0
-267,pedestrian,4,1,261,279.72182100000003,0.033489,5.708081635744771,0.8005834895112723,-1.7155362202475395,-27.390050008555416,-0.3657404822840958,0.7837281629986276,0.0,0.0,0.0,0.0,0.0,0.0,0.0
-267,pedestrian,4,1,262,279.75529600000004,0.033475,5.732988677503148,0.7472112527513013,-1.601167102799133,-27.401428602604774,-0.34135782148077864,0.7314798240995148,0.0,0.0,0.0,0.0,0.0,0.0,0.0
-267,pedestrian,4,1,263,279.788771,0.033475,5.756235249705368,0.6973971660666013,-1.4944226005410013,-27.412048624790458,-0.3186006655704794,0.6827146773089768,0.0,0.0,0.0,0.0,0.0,0.0,0.0
-267,pedestrian,4,1,264,279.822245,0.033474,5.7779320503475375,0.6509040192651039,-1.3947944040449207,-27.421960646401853,-0.29736064834186515,0.6372005168584264,0.0,0.0,0.0,0.0,0.0,0.0,0.0
-267,pedestrian,4,1,265,279.85571100000004,0.033466,5.798182397553856,0.6075104161895608,-1.3018080922662922,-27.43121186733012,-0.27753662784802036,0.5947206148153438,0.0,0.0,0.0,0.0,0.0,0.0,0.0
-267,pedestrian,4,1,266,279.88916700000004,0.033456,5.817082721568735,0.567009720446351,-1.2150208722962945,-27.43984634083607,-0.2590342051784682,0.5550726800865652,0.0,0.0,0.0,0.0,0.0,0.0,0.0
-267,pedestrian,4,1,267,279.922635,0.033468,5.834723023950152,0.5292090714425436,-1.1340194701142223,-27.447905183312145,-0.24176527428227307,0.5180679268858543,0.0,0.0,0.0,0.0,0.0,0.0,0.0
-267,pedestrian,4,1,268,279.95610200000004,0.033467,5.851187306149871,0.4939284659915521,-1.058418163529745,-27.45542677007191,-0.22564760279290452,0.48353014468105626,0.0,0.0,0.0,0.0,0.0,0.0,0.0
-267,pedestrian,4,1,269,279.989569,0.033467,5.866553969520481,0.4609999011183143,-0.987856946197134,-27.462446918092144,-0.2106044406070429,0.45129486557584875,0.0,0.0,0.0,0.0,0.0,0.0,0.0
-267,pedestrian,4,1,270,280.023002,0.033433,5.880896188655877,0.4302665740618535,-0.9219998116938247,-27.468999056560833,-0.19656415406067904,0.4212085963909157,0.0,0.0,0.0,0.0,0.0,0.0,0.0
-267,pedestrian,4,1,271,280.05647700000003,0.033475,5.894282259842424,0.4015821355964162,-0.860533153963119,-27.475114386061783,-0.18345988502850608,0.3931280709651887,0.0,0.0,0.0,0.0,0.0,0.0,0.0
-267,pedestrian,4,1,272,280.08995000000004,0.033473,5.906775926279715,0.3748099931187472,-0.8031642743300705,-27.48082202714962,-0.17122923263518755,0.36691957179955587,0.0,0.0,0.0,0.0,0.0,0.0,0.0
-267,pedestrian,4,1,273,280.123426,0.033476,5.918436681619862,0.3498226602044069,-0.7496199874302086,-27.48614915901467,-0.1598139559514812,0.3424583005111901,0.0,0.0,0.0,0.0,0.0,0.0,0.0
-267,pedestrian,4,1,274,280.156882,0.033456,5.929320053270867,0.32650114953018505,-0.6996453202266547,-27.491121148908082,-0.14915969680243202,0.3196277744714761,0.0,0.0,0.0,0.0,0.0,0.0,0.0
-267,pedestrian,4,1,275,280.19034500000004,0.033463,5.939477866813059,0.30473440626574955,-0.6530022979330657,-27.49576167293475,-0.13921572080007996,0.2983192800705617,0.0,0.0,0.0,0.0,0.0,0.0,0.0
-267,pedestrian,4,1,276,280.223812,0.033467,5.948958492787663,0.28441877923814046,-0.6094688108282724,-27.50009282879748,-0.12993467588183638,0.27843134754730703,0.0,0.0,0.0,0.0,0.0,0.0,0.0
-267,pedestrian,4,1,277,280.25727800000004,0.033466,5.957807077032932,0.26545752735806216,-0.5688375564023497,-27.50413524102288,-0.12127236676195288,0.25986927359650513,0.0,0.0,0.0,0.0,0.0,0.0,0.0
-267,pedestrian,4,1,278,280.290748,0.03347,5.966065755664349,0.24776035894252516,-0.5309150524661104,-27.507908159171407,-0.11318754445580209,0.24254466918452355,0.0,0.0,0.0,0.0,0.0,0.0,0.0
-267,pedestrian,4,1,279,280.32421600000004,0.033468,5.973773855722903,0.23124300175661053,-0.49552071557743865,-27.511429549502363,-0.10564170992864838,0.22637503581461152,0.0,0.0,0.0,0.0,0.0,0.0,0.0
-267,pedestrian,4,1,280,280.357684,0.033468,5.98096808244674,0.21582680171511243,-0.46248600124494305,-27.514716180526772,-0.09859893073221265,0.211283375893072,0.0,0.0,0.0,0.0,0.0,0.0,0.0
-267,pedestrian,4,1,281,280.39115200000003,0.033468,5.987682694058057,0.20143834833949334,-0.43165360126857244,-27.51778370285627,-0.09202566988490934,0.1971978254190993,0.0,0.0,0.0,0.0,0.0,0.0,0.0
-267,pedestrian,4,1,282,280.42462,0.033468,5.993949664897538,0.18800912518443114,-0.4028766946518658,-27.520646723730056,-0.08589062621358748,0.18405131013965587,0.0,0.0,0.0,0.0,0.0,0.0,0.0
-267,pedestrian,4,1,283,280.45808900000003,0.033469,5.999798837683141,0.1754751835681033,-0.37601824848983567,-27.523318876572723,-0.08016458527995747,0.17178122800890042,0.0,0.0,0.0,0.0,0.0,0.0,0.0
-267,pedestrian,4,1,284,280.491558,0.033469,6.005258065618258,0.16377683805351842,-0.3509503654375466,-27.525812885914704,-0.07482028025937253,0.16032915061754835,0.0,0.0,0.0,0.0,0.0,0.0,0.0
-267,pedestrian,4,1,285,280.525026,0.033468,6.0103533450260676,0.1528583822342822,-0.3275536745770871,-27.528140627985355,-0.06983226211956975,0.14964054419408315,0.0,0.0,0.0,0.0,0.0,0.0,0.0
-267,pedestrian,4,1,286,280.558494,0.033468,6.015108939141545,0.142667823464313,-0.3057167630990754,-27.530313187266184,-0.06517677842487499,0.1396645108408428,0.0,0.0,0.0,0.0,0.0,0.0,0.0
-267,pedestrian,4,1,287,280.591962,0.033468,6.019547493650671,0.13315663527377924,-0.28533564571601266,-27.532340909273778,-0.06083166022780278,0.13035354591216625,0.0,0.0,0.0,0.0,0.0,0.0,0.0
-267,pedestrian,4,1,288,280.62543,0.033468,6.023690144527045,0.12427952629123065,-0.26631326947645756,-27.53423344982414,-0.05677621651086112,0.1216633115082498,0.0,0.0,0.0,0.0,0.0,0.0,0.0
-267,pedestrian,4,1,289,280.658899,0.033469,6.027556618679368,0.1159942245696963,-0.24855905164603045,-27.535999821012574,-0.05299113565307728,0.11355242573351522,0.0,0.0,0.0,0.0,0.0,0.0,0.0
-267,pedestrian,4,1,290,280.69236800000004,0.033469,6.031165327889113,0.10826127629234311,-0.23198844832059556,-27.537648434128386,-0.04945839347437737,0.10598226536099752,0.0,0.0,0.0,0.0,0.0,0.0,0.0
-267,pedestrian,4,1,291,280.725837,0.033469,6.034533456485664,0.10104385789654391,-0.2165225518739762,-27.53918713970851,-0.0461611674036896,0.09891678212063311,0.0,0.0,0.0,0.0,0.0,0.0,0.0
-267,pedestrian,4,1,292,280.75932800000004,0.033491,6.037677043176468,0.0943076007241117,-0.20208771517296603,-27.540623264921006,-0.04308375637493639,0.09232233086259628,0.0,0.0,0.0,0.0,0.0,0.0,0.0
-267,pedestrian,4,1,293,280.792796,0.033468,6.040611057421819,0.08802042736051177,-0.18861520090799785,-27.541963648456246,-0.040211506057162894,0.0861675095332049,0.0,0.0,0.0,0.0,0.0,0.0,0.0
-267,pedestrian,4,1,294,280.82626400000004,0.033468,6.043349470718001,0.0821523988854741,-0.17604085425113006,-27.54321467309205,-0.03753073907404632,0.08042300949349737,0.0,0.0,0.0,0.0,0.0,0.0,0.0
-267,pedestrian,4,1,295,280.859733,0.033469,6.045905323128225,0.07667557230672441,-0.1643047973624906,-27.544382296087836,-0.0350286898735778,0.0750614760140554,0.0,0.0,0.0,0.0,0.0,0.0,0.0
-267,pedestrian,4,1,296,280.89322000000004,0.033487,6.048290785378162,0.07156386749812843,-0.15335114425787916,-27.5454720775525,-0.0326934439399088,0.07005737801007,0.0,0.0,0.0,0.0,0.0,0.0,0.0
-267,pedestrian,4,1,297,280.926692,0.033472,6.050517216811784,0.06679294300863715,-0.14312773468473847,-27.546489206921095,-0.030513881057890824,0.06538688646053928,0.0,0.0,0.0,0.0,0.0,0.0,0.0
-267,pedestrian,4,1,298,280.96015600000004,0.033464,6.052595219483469,0.062340080150550745,-0.1335858857425923,-27.54743852766641,-0.028479622359457075,0.06102776095301246,0.0,0.0,0.0,0.0,0.0,0.0,0.0
-267,pedestrian,4,1,299,280.99362,0.033464,6.054534688643978,0.05818407481525588,-0.12468016005884593,-27.548324560363092,-0.026580980900406566,0.056959243771515254,0.0,0.0,0.0,0.0,0.0,0.0,0.0
-267,pedestrian,4,1,300,281.027085,0.033465,6.056344859860692,0.05430513650144662,-0.11636814941427788,-27.54915152421419,-0.024808915532905696,0.05316196102502612,0.0,0.0,0.0,0.0,0.0,0.0,0.0
-267,pedestrian,4,1,301,281.06056900000004,0.033484,6.05803435299651,0.05068479407453878,-0.10861027280723505,-27.549923357142593,-0.023154987852067353,0.04961783042515029,0.0,0.0,0.0,0.0,0.0,0.0,0.0
-267,pedestrian,4,1,302,281.094036,0.033467,6.059611213256805,0.047305807808852296,-0.10136958797059466,-27.550643734543023,-0.021611322012948003,0.046309975173580493,0.0,0.0,0.0,0.0,0.0,0.0,0.0
-267,pedestrian,4,1,303,281.12750300000005,0.033467,6.061082949499931,0.04415208729376588,-0.09461161545259245,-27.551316086783917,-0.02017056722682166,0.04322264358379034,0.0,0.0,0.0,0.0,0.0,0.0,0.0
-267,pedestrian,4,1,304,281.160977,0.033474,6.062456569993686,0.04120861481266485,-0.08830417443303087,-27.551943615542495,-0.018825862757375838,0.04034113408337459,0.0,0.0,0.0,0.0,0.0,0.0,0.0
-267,pedestrian,4,1,305,281.19444500000003,0.033468,6.063738615788021,0.03846137383005143,-0.0824172294784025,-27.55252930905085,-0.017570805250656667,0.03765172520157515,0.0,0.0,0.0,0.0,0.0,0.0,0.0
-267,pedestrian,4,1,306,281.227911,0.033466,6.064935191862891,0.03589728224609654,-0.0769227475186467,-27.553075956325614,-0.01639941824287392,0.03514161023348237,0.0,0.0,0.0,0.0,0.0,0.0,0.0
-267,pedestrian,4,1,307,281.26137900000003,0.033468,6.06605199619959,0.03350413010096825,-0.07179456435384873,-27.553586160448983,-0.015306123701111276,0.03279883625287936,0.0,0.0,0.0,0.0,0.0,0.0,0.0
-267,pedestrian,4,1,308,281.294847,0.033468,6.067094346913995,0.031270521432162315,-0.06700826006417802,-27.554062350964358,-0.014285715461245081,0.030612247195985876,0.0,0.0,0.0,0.0,0.0,0.0,0.0
-267,pedestrian,4,1,309,281.32831600000003,0.033469,6.068067207580928,0.02918582000796061,-0.06254104272605115,-27.55450679544558,-0.013333334436680873,0.028571430736926286,0.0,0.0,0.0,0.0,0.0,0.0,0.0
-267,pedestrian,4,1,310,281.361783,0.033467,6.068975210870221,0.027240098678792846,-0.058371639875032855,-27.55492161029491,-0.012444445479941228,0.02666666870218935,0.0,0.0,0.0,0.0,0.0,0.0,0.0
-267,pedestrian,4,1,311,281.39525100000003,0.033468,6.069822680607056,0.02542409210505435,-0.054480197212154934,-27.555308770821135,-0.011614815786663516,0.024888890798331318,0.0,0.0,0.0,0.0,0.0,0.0,0.0
-267,pedestrian,4,1,312,281.428719,0.033468,6.070613652361604,0.023729152636426522,-0.050848184058834844,-27.555670120645782,-0.010840494739409257,0.02322963141762777,0.0,0.0,0.0,0.0,0.0,0.0,0.0
-267,pedestrian,4,1,313,281.46216200000003,0.033443,6.071351892666025,0.022147209132615604,-0.04745830511432755,-27.55600738048229,-0.010117795095221324,0.021680989325637952,0.0,0.0,0.0,0.0,0.0,0.0,0.0
-267,pedestrian,4,1,314,281.49564100000003,0.033479,6.072040916950336,0.020670728529359614,-0.04429441809767971,-27.556322156329866,-0.009443275427335402,0.020235590036577683,0.0,0.0,0.0,0.0,0.0,0.0,0.0
-267,pedestrian,4,1,315,281.52911400000005,0.033473,6.072684006282559,0.019292679966670154,-0.04134145688068388,-27.556615947121113,-0.008813723737418977,0.018886550697492763,0.0,0.0,0.0,0.0,0.0,0.0,0.0
-267,pedestrian,4,1,316,281.562581,0.033467,6.073284222992844,0.018006501308552962,-0.03858535974351578,-27.556890151859793,-0.008226142160357178,0.017627447311853967,0.0,0.0,0.0,0.0,0.0,0.0,0.0
